3 0.20975479681890374 0.2698609048929768 0.05916272788792445 0.11411032619359456
10 0.3880114688958167 0.5326362301479713 0.06069951712931013 0.5046572505696808
3 0.5013427348069492 0.303611860950201 0.1920869311173632 0.25232862528484035
14 0.6600065399098913 0.18709067860984493 0.151364501720482 0.31500892320075974
3 0.47035733238612193 0.028247801253959155 0.0772018871260588 0.05649560250791831
3 0.8091353716820614 0.1527361716570156 0.18478535541018543 0.3054723433140312
3 0.844377939466478 0.5000626920420114 0.18923036395957138 0.4662197747447071
3 0.6761026158111545 0.49076484231718415 0.2730505251765627 0.36527195260221046
11 0.7122976854275826 0.6674236020033623 0.10414020029989841 0.13415431538277436
9 0.715836079764638 0.9591391535102834 0.21206397195356902 0.08172169297943319
