10 0.1920571470871271 0.33199866671663114 0.14508845954548816 0.3034862794796338
27 0.6976460137685987 0.9183884331296437 0.2131912058627581 0.16322313374071254
18 0.11618180472277742 0.7229695114544248 0.16803612406543783 0.31122827640513473
11 0.7220741727737064 0.599871760338961 0.17025686579317492 0.3747126511942418
3 0.8020208749722407 0.8378716651044348 0.16581538233770088 0.3242566697911305
3 0.6991265082537568 0.5565165775561564 0.15989340439706864 0.38400304750484276
14 0.8460655859056925 0.3552246574931338 0.19172403582796652 0.42426143151744733
3 0.8530979347101934 0.6796143286716199 0.1584129099119106 0.3390994653369378
3 0.24535494855281667 0.1598057358179149 0.19098378858538756 0.3196114716358298
14 0.49296765119549935 0.7609052963893791 0.12658227848101272 0.25703429792662863
14 0.2546080390850544 0.7384535053054264 0.19616551928344064 0.43510022721314834
