10 0.308788425291518 0.03458781415290197 0.10432334642284806 0.06917562830580394
10 0.5688795938414218 0.09193609307461266 0.34851194423964904 0.18387218614922532
10 0.7731314882225728 0.05551298726677445 0.09151298317014847 0.1110259745335489
3 0.5810099740775083 0.3079224733884019 0.20841305841769694 0.2686360381591459
3 0.7481543060326223 0.4460624942826532 0.14621363750368932 0.36456708201045096
14 0.8996235671114461 0.4085933002536746 0.11310197118540648 0.3567265933276039
14 0.6165857241539957 0.6691716473269859 0.22725781394986566 0.45877180323046085
14 0.6548643544247621 0.8867941507540912 0.10931825041290949 0.16061104418746563
3 0.8185028451290717 0.8965936042066471 0.10820501274193615 0.2068127915867059
11 0.4458843167797809 0.9117477431193973 0.13625266383111012 0.17650451376120546
