3 0.3284572647112758 0.02180992048329745 0.04258940396968094 0.0436198409665949
14 0.4688871913140075 0.12714768255134035 0.09956712009128105 0.2542953651026807
14 0.37980368058674835 0.32423585160029594 0.176652297283107 0.25736458347620644
3 0.675537418497175 0.20038106761608146 0.16591359550467344 0.4007621352321629
3 0.7086570443625964 0.6419710035736402 0.24679261497911487 0.5030510357694178
3 0.8498205308696878 0.8631183878948685 0.17395375331738017 0.2608047985046574
3 0.7121508425224433 0.9045504814838249 0.08627506966243018 0.19089903703235023
3 0.616474503749215 0.7996746533915 0.19175087081340372 0.400650693217
3 0.47273824889318095 0.5097588734886396 0.19369983157635517 0.2824764750708315
3 0.417857196639249 0.9433784684447984 0.17208146514946782 0.11324306311040307
3 0.383592763637369 0.8363303561633803 0.17662231542251672 0.3273392876732395
3 0.2876070807657407 0.6638979141449246 0.12965912574113317 0.25965009324692606
3 0.2912922311362243 0.8232466967142599 0.1474752436602068 0.22504930193547065
