3 0.1212918866404733 0.05341306409683747 0.10368078788604707 0.10682612819367494
3 0.3758513981271745 0.1424278782908951 0.1722854844513654 0.2848557565817902
3 0.10942791822216988 0.37818646143396656 0.13256698803053318 0.2708208515384531
3 0.2359103210008884 0.540211542541334 0.3708977614858904 0.48219302332061065
3 0.0897405309587795 0.8082463912153036 0.09401228611549663 0.3232580094974712
14 0.2502892362721896 0.2851924551016935 0.11899669904728505 0.2506140813971223
3 0.2634882019747679 0.8245064921142125 0.15078347337767228 0.24720432021389932
3 0.42160707297460176 0.8509318047272141 0.20294639729677852 0.25231899125455826
3 0.28589839710357684 0.9129186659790259 0.13940570533815555 0.17416266804194813
3 0.6953621429058754 0.7458169916961522 0.1997067248675346 0.317368725061392
3 0.8217998808314119 0.8349327561427198 0.1478348997390579 0.33013448771456033
10 0.4084448191023235 0.9792567663647497 0.07326719786679002 0.04148646727050048
18 0.8972002826481464 0.15490759488221367 0.060528451521496524 0.299013594045773
18 0.7856930462662116 0.06124181487658812 0.13264754790005714 0.12248362975317624
3 0.1318494871873627 0.9722070132662173 0.07111570043141785 0.055585973467565504
