10 0.38843828340517345 0.06969560350064627 0.08294093258968757 0.13939120700129254
11 0.48358008838658384 0.05812944796468804 0.119461668880943 0.11625889592937608
10 0.7530727420910679 0.11323802844205336 0.05430075858224683 0.2264760568841067
27 0.821349793480345 0.3004502027315778 0.17255574393913992 0.3340168923589929
10 0.6978741919971632 0.38549108232647983 0.05180083832340871 0.09824042523764794
10 0.6117121309192266 0.41908063948494034 0.08598939161685841 0.1784219487771988
11 0.6586782243324505 0.4656726058660307 0.05076482155694053 0.3135025334789646
3 0.7039522221963235 0.8044165137508783 0.1602229904716939 0.3911669724982434
3 0.8417173039978028 0.9373113358740466 0.1191914170927836 0.12537732825190695
3 0.614874522911852 0.9529654561390614 0.09697707318023574 0.09406908772187748
3 0.5417903518195003 0.787356796785984 0.1016619559425661 0.28222599389864333
3 0.47479652831817787 0.8422309515885519 0.2244058843156182 0.3155380968228964
3 0.32575278069536034 0.8901196353972903 0.10118277385975198 0.21976072920541925
10 0.2413967268523191 0.6399382900091141 0.051082935851447034 0.09675552297552688
3 0.2975075107206408 0.37575364466724026 0.15686885812649093 0.3188725496323889
