10 0.1872739577693557 0.0479048697621744 0.11030319436924742 0.0958097395243488
3 0.25211965349214943 0.8094903737259342 0.15058473199783431 0.29619479048697617
3 0.1364455874390904 0.8871404303510759 0.11290200324851109 0.22571913929784818
14 0.5901109907958851 0.15233295583238957 0.10419599350297783 0.2194563986409966
3 0.5933965967771745 0.7944337485843714 0.17437080164737823 0.25640996602491517
3 0.6237736870600974 0.5035107587768969 0.1520952896589063 0.41551528878822197
3 0.5274796968056308 0.9052321630804077 0.17356253383865725 0.18953567383918463
3 0.5066617050427321 0.8085560197218876 0.20095044995831374 0.3599885966351682
3 0.3332268543584191 0.8555875222946597 0.09809420682187328 0.28882495541068076
3 0.40318986063502116 0.9680392167631068 0.07289446506028391 0.06392156647378638
