10 0.11009746777237556 0.9261026616636742 0.03744682633261866 0.14779467667265161
14 0.38470770401696397 0.10533334626402209 0.1557000692890975 0.20750259784039302
3 0.2699035584374312 0.20221370635940566 0.16194120158129133 0.40401170719058777
3 0.380273208424204 0.5151852952340035 0.10347156926097527 0.35522793590577256
3 0.46403593372360036 0.22488785729561003 0.1619412015812913 0.3298054213654576
3 0.5136365830032605 0.05026185817282889 0.07982092066967944 0.10052371634565778
3 0.6215426397121318 0.09457947151825732 0.13599119274806304 0.18915894303651465
3 0.7100683266762261 0.27676352379258623 0.22566651910880403 0.37721494695992497
3 0.818631348108429 0.2025573231518461 0.10577092950290762 0.19444781748062417
3 0.7902177134178435 0.5574417104126902 0.24011971044264196 0.1813929689733432
3 0.49934763285025546 0.41521310807397066 0.14781650889884695 0.34079897800316783
3 0.543035599619932 0.6412672475561098 0.22336710999768813 0.5826563040413815
