10 0.12560652727820296 0.9365776902327962 0.05524485415245209 0.12684461953440745
14 0.1738664192497606 0.7844934343204573 0.11747472862163155 0.43101313135908553
3 0.30181856207481744 0.9100127547022567 0.14858960772038843 0.17997449059548656
3 0.4073907808879423 0.956999241105356 0.07819439041736648 0.08600151778928801
14 0.40240524852108617 0.7487901215679839 0.1228019606058429 0.26455292302257466
3 0.5002205943992293 0.8232148230175508 0.10842915912467649 0.35357035396489855
14 0.599344055233949 0.9136437650913504 0.10287376551027626 0.17271246981729926
3 0.7256106265765163 0.8944357580965774 0.16264379163094006 0.211128483806845
14 0.8160405188145338 0.8744769338525362 0.14746365640956 0.25104613229492745
3 0.9145430957163235 0.6303104552390387 0.0761329585343529 0.3470034955729602
14 0.8296108675053074 0.562076538067009 0.17456283783266435 0.42587035190770467
12 0.6432523401801434 0.5752269357667628 0.06722607865729943 0.17962941819637113
3 0.5722243565117172 0.44415081648537774 0.17364579331540525 0.5175089810563559
