3 0.37958310774228476 0.8200509626274066 0.10414726583649161 0.35813137032842585
14 0.5142365998917163 0.21295225061569203 0.0864916080129941 0.365782927987189
3 0.2712994044396318 0.5230634201585505 0.1623930698429886 0.4020271800679502
14 0.3836789388197076 0.347797281993205 0.16010286951813754 0.2991732729331823
14 0.4113860314022739 0.12013590033975084 0.12403898213318897 0.2277463193657984
3 0.8031564699512722 0.11447338618346546 0.13406605305901467 0.22731596828992073
3 0.6455089334055225 0.24685164212910532 0.1882024905251759 0.4854813137032843
3 0.4630969139144559 0.5454813137032842 0.1609637249593936 0.32154020385050963
3 0.23859235654443287 0.1662004530011325 0.2548457850975284 0.332400906002265
14 0.7073768272874933 0.6342495070816846 0.22265836491608013 0.42673230974660814
3 0.559038982133189 0.835872027180068 0.18105576610720084 0.3268969422423556
3 0.8074715755278831 0.5408154020385051 0.12139685977260424 0.21420158550396373
3 0.4981916621548457 0.7301302378255945 0.14682187330806712 0.33706681766704416
3 0.7777822391000196 0.8703737259343148 0.23281668043558593 0.1710758776896943
3 0.4907469094677622 0.03748218439500129 0.11029683914427425 0.07496436879000258
