14 0.3681768813450847 0.05477107758437098 0.14305708305579712 0.10954215516874195
3 0.47448677035570214 0.15156451243078098 0.19296070322138975 0.30312902486156196
3 0.6642717821503641 0.028832974359603157 0.08740696058808507 0.057665948719206314
3 0.7126631857082361 0.25726285215200534 0.2507279685363013 0.49155872873350787
3 0.6193584950655072 0.507470649857772 0.20203409424399962 0.5099051978173305
3 0.6801501935958603 0.7225671416526546 0.15666716958971205 0.46309008079509156
14 0.8573836826655165 0.5131643953733528 0.19114603110862022 0.24672835646312857
3 0.7984066562479332 0.8543246007376147 0.18086284852457657 0.2913507985247704
3 0.6781842937305662 0.9637707272964717 0.10494886208196892 0.07245854540705648
3 0.4091583458552825 0.7102307142727597 0.2038487663567693 0.3005024674659261
14 0.3775527202580532 0.5590305282631657 0.1926582781751027 0.5231905934017539
3 0.2800137972237587 0.47141034388656444 0.12158338183132517 0.1897910128026038
3 0.2822821145206493 0.29743523156228885 0.12128094155565719 0.22521868657737362
18 0.12346051555689046 0.8421855291153432 0.03393019810820796 0.09196487930596849
