3 0.6290455855562278 0.177463010209468 0.15582850376916477 0.354926020418936
3 0.5968301582132067 0.44230807076652107 0.17784774886698163 0.259141630009854
18 0.5098041027223076 0.5124195947024288 0.20470638849179112 0.4089578848593009
3 0.5413583227453007 0.6369955658534582 0.19526956916415528 0.35834428524800116
3 0.24985439309990246 0.4571119719574017 0.14977926061042396 0.27584411788158286
3 0.3328500092378272 0.549228723249967 0.09848167862430142 0.3052000056561367
3 0.11969247305524276 0.6287166049790717 0.13864865319834077 0.3704915491547131
3 0.12906128209683046 0.8906618413590004 0.11348380165797872 0.21867631728199913
3 0.2854523600776279 0.9211915232646984 0.30875337082213405 0.15761695347060314
3 0.46798525653540857 0.8047189955931814 0.22829922375908648 0.3905620088136373
