3 0.5226545242871629 0.7654366357379888 0.09504375350123419 0.34190384905242166
3 0.6587396957510283 0.7095316781567074 0.14071759472850254 0.41670435006925444
3 0.28634117071180787 0.9151409878746202 0.18220863921579541 0.16971802425075977
3 0.42663450759714966 0.8064212910532276 0.10563731940234375 0.38715741789354474
3 0.6165313368031056 0.22898487716855823 0.1503844071467244 0.3654051041000296
14 0.3152839653702888 0.7218658167538239 0.11085544125609095 0.28773499433748584
14 0.33983618132090293 0.43230464326160817 0.13712769561419352 0.2668969422423556
14 0.7465021879425361 0.9523748835451251 0.1103855160951422 0.09525023290974967
3 0.597607554537296 0.9427519818799548 0.18649827095872837 0.11449603624009062
10 0.6492962671503483 0.028898075777728224 0.0338804129477832 0.05779615155545645
