11 0.4960476708678527 0.06855021249804107 0.15431686689663388 0.13710042499608213
3 0.5838997137019711 0.2884072227474312 0.11622836138453242 0.27724053072795773
3 0.47174958890868085 0.41849706310977136 0.14613500656860062 0.2616013140931535
14 0.40887754642328217 0.614698029154924 0.12370500401209182 0.2616012750437285
14 0.5131257240891135 0.7141979267218973 0.085296299935662 0.3534835452398051
3 0.6416740724590634 0.7120876076320574 0.1882762868525646 0.538841805771686
3 0.7864496979446794 0.41565353278920647 0.1678853652547614 0.5971334012359465
3 0.6617251721216924 0.9481018764294943 0.10875168142005774 0.10379624714101147
3 0.7939263965776118 0.9445475196623364 0.14613500656860068 0.11090496067532708
3 0.47208948551768565 0.9296191782859063 0.14953352461566394 0.14076164342818737
14 0.38615988777447946 0.815839264182656 0.1583250955971894 0.3238376575192687
3 0.21379971529067332 0.5526694907266877 0.2715411181765072 0.5104953854780978
3 0.27335554461254696 0.893504777319242 0.16409081567074504 0.2129904453615159
