3 0.4529370400815903 0.33311261345084103 0.2414555965957977 0.6662252269016821
18 0.8605343293763734 0.2139476643454217 0.13971854320842833 0.13662275257233922
10 0.7780378986187163 0.2427572462096745 0.028114098504093066 0.13127664130836048
0 0.6215793330514627 0.27040803988642376 0.024625440320487513 0.06629976099242021
18 0.5435988154110949 0.685920416556239 0.08352350131566237 0.14843682420225413
3 0.5204890671211495 0.848226276943628 0.16600032439061652 0.17602242024490056
3 0.6451777533327274 0.8475378158507657 0.16626313741991966 0.3049243682984685
3 0.49487639673108624 0.9674601567055504 0.11069251238191688 0.06507968658889905
3 0.3867439659796158 0.8835654708628846 0.08411653289682777 0.23286905827423068
25 0.10229474671586927 0.35229263453292736 0.027841171789979927 0.06217706847944527
