19 0.4779391910455697 0.14794316349509617 0.19510995785046684 0.29588632699019235
3 0.5830878460666513 0.4375087059518476 0.11943823755267423 0.28164678602413284
3 0.467422136576382 0.5592858585357785 0.1518255455323935 0.25855947694324627
3 0.7823045203364544 0.5871706668101916 0.17406959812276926 0.5909591578209215
3 0.6358028580890938 0.7920643160965812 0.18691149589254666 0.4158713678068375
3 0.5132180408691892 0.8377619692957018 0.0910283352296781 0.3244760614085963
3 0.40701833865827675 0.7694580640294384 0.12865335734528463 0.27418597149154744
14 0.3875989369188108 0.9107513214010603 0.16020987267107886 0.17849735719787937
3 0.21874060906560647 0.7139258658200964 0.26611687514383864 0.5242379739837459
3 0.2545461127625344 0.9567152218193644 0.10300218639610872 0.08656955636127114
