3 0.3291519016520301 0.21839179859948324 0.04307061129023505 0.08907993531588733
3 0.4714998391388268 0.30087566392824727 0.10527021245749894 0.3703212993015432
14 0.3800514210965952 0.5627509824129108 0.174944112150786 0.2388961901653342
3 0.4719637063484145 0.7497927633160272 0.1899462351844633 0.2530679980564981
3 0.2896846246707286 0.8783950410812383 0.13284137976594948 0.24320991783752335
3 0.2999683380405881 0.9593768004593177 0.15486062486376628 0.0812463990813645
3 0.4130891851090423 0.9490010125390014 0.11493562001607653 0.10199797492199743
3 0.6759634677443364 0.3762736253114295 0.1591653848726008 0.553953160446333
11 0.6446453907535705 0.05056398113551491 0.07960803996902982 0.10112796227102983
3 0.7013583229737267 0.8159572218410632 0.23906608963343925 0.36808555631787376
3 0.6167865212938521 0.9259782456484132 0.1403424412827881 0.14804350870317345
3 0.8654300098503589 0.9721065975744758 0.08662516203316922 0.05578680485104844
