18 0.903891348308466 0.4302641435813296 0.13772749631087064 0.2560792104554454
18 0.8383068262556703 0.8475360713323902 0.14428594851615018 0.27665700415275823
18 0.6333551948406844 0.9437742239830268 0.10602831065201938 0.11245155203394643
18 0.10813248073454661 0.8086669054596887 0.04372301470186369 0.09831612544271573
19 0.8710990872820681 0.6108914438132956 0.017489205880745453 0.1646223495785007
14 0.44261354320380397 0.15360713942857157 0.09400448160900696 0.21035078001697294
3 0.5005465376837732 0.30108132759264505 0.1727059080723616 0.20806435849504937
14 0.6366344209433241 0.13853695080622355 0.15849592829425585 0.2770739016124471
3 0.7273596764496912 0.1145295248260255 0.08635295403618072 0.229059049652051
3 0.9137290266163852 0.12939126471852902 0.07870142646335465 0.25878252943705804
3 0.839399901623217 0.2313454711739747 0.12242444116521842 0.46185714742857126
3 0.6825435863802809 0.7572224212164071 0.16505438049953539 0.32467185611315397
14 0.5978302453954201 0.5788815425063649 0.18800896321801386 0.3612546004639319
3 0.726813138765918 0.4256913005374824 0.19019511395310712 0.42984724612164055
3 0.7131496966715856 0.960922385397454 0.09072525550636715 0.07815522920509207
