3 0.12682728749323227 0.7863533408833522 0.12981050351922035 0.36373725934314843
3 0.2516323768272875 0.6289580973952434 0.14985923118570654 0.2783012457531144
14 0.5912506767731456 0.0467836919592299 0.10545749864645376 0.0935673839184598
3 0.6260909583107742 0.3166421291053228 0.1556036816459122 0.4177010192525481
3 0.5937682728749324 0.6102378255945641 0.18142934488359502 0.26360135900339754
3 0.5391174878180833 0.8173669309173273 0.19575527883053598 0.3564326160815402
3 0.13860584731997835 0.9591223103057758 0.10197617758527341 0.08175537938844853
3 0.45545749864645374 0.8828482446206116 0.2053925284244722 0.23004530011325028
3 0.33267731456415806 0.7049886749716874 0.09984298863021114 0.309524348810872
3 0.5129209528965891 0.6389977349943375 0.20926367081754188 0.35210645526613826
