10 0.19138083973979897 0.3214110509773614 0.14562389118864577 0.29687513603763316
10 0.11746008279124784 0.7133790040270488 0.16484328799526904 0.3107911580393971
27 0.6951507983441751 0.9135132585207276 0.21880544056771142 0.1729734829585448
3 0.2464518036664696 0.15142817748750464 0.1848018923713779 0.3028563549750093
14 0.494087026671984 0.750488396031753 0.12418687167356593 0.25203462069861576
3 0.25532229450029575 0.7265219136953815 0.19367238320520405 0.42675800805409747
3 0.6969981300400208 0.5402018413384295 0.15449438202247182 0.3695476953801788
3 0.8019662921348315 0.8338826881772999 0.16484328799526898 0.33223462364540013
3 0.8566676522767595 0.6685384886880313 0.1471023063276169 0.33553075270919985
3 0.8466883500887049 0.3415119716465761 0.18628030751034888 0.4112957613854709
