3 0.40316380839739807 0.9598999985266078 0.10053222945002954 0.08020000294678432
10 0.419795978710822 0.8857830543822368 0.04804849201655828 0.10514327734666164
14 0.5317859254878771 0.8802694281831802 0.15671200473092847 0.23946114363363963
3 0.6814754583086932 0.7334799246962637 0.18406268480189236 0.1809082860229327
3 0.6748225901833236 0.9452108641914124 0.1352749852158487 0.10957827161717516
3 0.2793465405085748 0.7891440127033198 0.22545830869308106 0.3231609553742986
10 0.48706386753400366 0.214721548963837 0.04804849201655828 0.10205082801293636
3 0.19766410408042587 0.9305217298562171 0.128622117090479 0.138956540287566
10 0.8234033116499113 0.688639409357246 0.15153755174452982 0.30151381003822114
0 0.11674437397341016 0.9908548748302135 0.03617417340149445 0.018290250339573003
3 0.40390301596688355 0.6700847133548941 0.20254287403903015 0.34790055004410125
