18 0.42570963926670613 0.19858802982681614 0.2225014784151389 0.3971760596536323
18 0.5236546422235364 0.8502198870443953 0.12418687167356593 0.2566732946992035
10 0.4053814311058546 0.7396648233637142 0.13749260792430515 0.27058931670096753
18 0.4512123004139563 0.5865885813443098 0.12270845653459493 0.32006850604057324
18 0.5147841513897102 0.37862136365128024 0.19219396806623298 0.5257163867333086
10 0.6792578356002367 0.36789963084827876 0.23876404494382028 0.7357992616965575
18 0.8492755765819042 0.36702467864981025 0.1678001182732111 0.5210777127327205
10 0.5336339444115908 0.025410867138196847 0.0805736250739207 0.05082173427639369
25 0.4356889414547605 0.42500810365716035 0.2232406859846244 0.5813804747403647
11 0.29912985318698593 0.10211246768149833 0.05448954824405312 0.20422493536299666
