3 0.11927275733849939 0.5947000938206563 0.14503304843155848 0.3732713314394379
3 0.2506045216611752 0.42134556997889605 0.15104824409437034 0.2754099980395988
3 0.33013878179895184 0.5171100249686026 0.10025324574943101 0.31595262312960326
3 0.12862973856782917 0.8724936856214018 0.12097226578031102 0.2550126287571961
3 0.28301976822871744 0.9053471085784935 0.310785116893997 0.1893057828430129
3 0.467151576995478 0.7886124535695658 0.2299141402349983 0.42277509286086834
18 0.511263027153532 0.4695773492045967 0.20451669842790463 0.38305767596717594
3 0.6268884956874056 0.1641886204263335 0.14570149274023392 0.328377240852667
3 0.5968124944271956 0.4101614265041118 0.17911921072851017 0.26702186043525017
3 0.5411548002539799 0.602291339242292 0.19583847591066675 0.35998828187081844
