3 0.6799970431697221 0.12668858281770187 0.2683323477232406 0.25337716563540374
3 0.8425447854929293 0.15529373915466133 0.17651476317982678 0.31058747830932265
3 0.8979074302407375 0.8322753093621351 0.11278706627686225 0.3352047646825207
3 0.37388718643911517 0.8307902388435746 0.17682645503424765 0.3384195223128507
10 0.3894884683619161 0.20786537782799222 0.05544056771141338 0.41573075565598444
18 0.5590586825952357 0.9057821351864143 0.17429714047137027 0.1884357296271714
18 0.7517001774098168 0.7611489746864522 0.2757244234180957 0.4348151194150899
3 0.6328541363853802 0.9808181137216535 0.06157318951578003 0.03836377255669296
26 0.7065408946067993 0.2681290279416899 0.1269606474086438 0.18464366577911792
10 0.5471779517098727 0.017679743803883492 0.0657294178093199 0.035359487607766985
