14 0.27282563080064964 0.4966829729810845 0.18348367930289433 0.250752613715422
3 0.17090882733109103 0.7303913783426863 0.1866781175949189 0.22522837386885777
3 0.4344406259949201 0.8631446366480363 0.19555793472008487 0.25308759613852444
3 0.48076122654678943 0.41619627699626915 0.17030233265236505 0.2855379092676051
3 0.31825898504339367 0.7037405553336983 0.1600882987226655 0.3336101137071512
3 0.6920032052973057 0.8077551729304121 0.13670635031100686 0.36511834388787145
14 0.7679104628187932 0.18362101231813893 0.1862367576889071 0.3486555524607549
3 0.5598295148224491 0.5707346469607721 0.26141128506559663 0.5207572506648216
3 0.7888697910738852 0.8894289128782185 0.2084562014660176 0.22114217424356297
18 0.3606024869412618 0.8229803031216103 0.18911365381817688 0.3148328089956795
