18 0.10156712004730936 0.5688069976753889 0.04730928444707273 0.09277348001176029
18 0.4027942046126553 0.1636961349573688 0.04804849201655822 0.10205082801293641
14 0.5181105854523951 0.20776353796295494 0.1633648728562981 0.24894217136489025
18 0.1078503843879362 0.33300773597883143 0.03474275576581903 0.1314290966833272
10 0.10001373296763544 0.6082074726018833 0.013455680132144992 0.25197811254160796
3 0.7956953207657483 0.03402488626109997 0.11457717327025435 0.06804977252219994
14 0.3185368346628505 0.05257958226345203 0.09609698403311649 0.10515916452690406
3 0.49188100970720294 0.061856930264628095 0.17814902424600826 0.12371386052925619
3 0.20322045382311063 0.24277315987768197 0.20549970431697223 0.41129576138547097
3 0.39800164838254304 0.4777993092408082 0.19145476049674753 0.32470718004116117
3 0.6031317489147726 0.6540689212631531 0.31490242460082796 0.3185222813737107
3 0.7879336412861504 0.3023028095518949 0.21141336487285625 0.3664552460464536
