3 0.4043655553313333 0.17555108202984987 0.20426007660487158 0.35110216405969974
3 0.68803407914842 0.2531073274701962 0.18880002493523684 0.18815008625184676
3 0.6767904052068674 0.6132383519366217 0.17193451402290807 0.39099939799211914
3 0.7004853436512342 0.8321523674739753 0.17939290424406756 0.31045807489046867
3 0.5679517966816819 0.7905055525496439 0.0792385698118415 0.36514581165979243
14 0.6091799865584017 0.9554092867210782 0.12388568275150856 0.08918142655784374
14 0.27785379849188657 0.2975661191605152 0.23143228863029033 0.3341623927702071
3 0.1956344327942834 0.5861609129166031 0.13820349219825026 0.41941790060307516
11 0.10732474371167268 0.6057598802345037 0.0740208534485544 0.15875163527499575
10 0.4207421548324505 0.433778942019925 0.04872258708006112 0.09897478495539856
3 0.41020121051224495 0.6557372468951506 0.13914046502671304 0.37042048230832325
3 0.38937499678170906 0.9107484388403215 0.1874374290980617 0.17850312231935692
10 0.28781287050003396 0.7726985894864773 0.06475842507465224 0.2069720499269793
10 0.32647530763841576 0.7560556038860831 0.024938027047381607 0.057211786158677155
14 0.5345981117325206 0.4589971932820323 0.16162781290981815 0.34004208296557725
10 0.8297445526982754 0.17481216717247208 0.15038413896826547 0.3028040450615659
