14 0.4050940117636161 0.2954470461085677 0.2004055948728002 0.34773395361440046
3 0.6855323939570377 0.37772789119463673 0.18606908580258932 0.17992835426087248
18 0.8301903093471182 0.304433247882649 0.1528780182263992 0.3004916077079481
14 0.5338839568733851 0.5853318698668432 0.15845927854982525 0.336530327195047
14 0.2792766429919827 0.42591674847474925 0.2272483693853372 0.3254023769910111
10 0.4211161927608196 0.5481021637297147 0.04911000139354847 0.09889680777979248
14 0.19604694516323232 0.710462228153157 0.1366656215156335 0.4063446792245031
11 0.1097485444685537 0.7185972055781995 0.07258592914605748 0.15667603678616074
18 0.2881812957293229 0.8830375714037698 0.0629335418487443 0.20836296040648003
19 0.3262119613264956 0.8641530995222855 0.025493715524250882 0.052683536727853746
14 0.4098799161121855 0.7731725185794147 0.13679561445699315 0.37613036934445643
3 0.3867519821492261 0.9675943842410849 0.15557297188621141 0.06481123151783016
3 0.5668854575491289 0.8612592999139516 0.07581366590402389 0.2774814001720968
3 0.6996882661987199 0.9060092462515933 0.17962563873351334 0.18798150749681333
3 0.6744961452832205 0.7507637892855104 0.17059245847861268 0.415713897510518
