18 0.2521169932639064 0.4384168068124021 0.03960109682233422 0.23244485040039725
11 0.2703011602967365 0.6772010610629395 0.07354486714454236 0.1453836631775889
12 0.3519840104108395 0.8778197553121135 0.12809739598987788 0.24436048937577268
27 0.47134249297554137 0.8783625815379429 0.18144979644547737 0.2432748369241143
10 0.5514474126432967 0.7878249772320288 0.08799403183142 0.32876933443947354
10 0.5289937408411407 0.9526212821502369 0.1146956883884559 0.09475743569952629
18 0.6664465380386919 0.9310418345640928 0.19419378404568435 0.13791633087181426
27 0.8126987084173739 0.610746493729718 0.18448406650816732 0.39604642650860106
3 0.8576060020183345 0.30482604254469703 0.1662784127964589 0.47474798635336674
3 0.8858248102744992 0.1422579717327443 0.1450384890220604 0.2845159434654886
14 0.7240978192398595 0.10481130173213796 0.13472193080623246 0.20962260346427591
3 0.6212358074307925 0.06165240655984983 0.0952763199845577 0.12330481311969967
