3 0.09057095749709668 0.15042408932272217 0.0754614920635742 0.30084817864544433
3 0.134201512854354 0.09564759741477191 0.06594858529334806 0.19129519482954382
3 0.24177427813647046 0.047864158485957466 0.1714802227467823 0.09572831697191493
3 0.24851973065997593 0.1876290516703503 0.2008367842873413 0.29907295807443457
3 0.10513571356407833 0.5197191060350499 0.09416989980092837 0.4297068708295179
3 0.22939081815428372 0.4226692938658371 0.22736681239885123 0.2025465344857809
3 0.4126347486764735 0.09214622473464326 0.17394301375914228 0.18429244946928652
3 0.43300779925708316 0.27257307981885526 0.17066006468622208 0.25712433258074113
3 0.3136794351069377 0.6702757081853012 0.22005489477419612 0.27752679484142156
3 0.47450687038915595 0.5686171687928326 0.1655398688844198 0.3397228044978521
10 0.3152664641224284 0.9146674758371781 0.15700929832232233 0.17066504832564378
24 0.5447449310858022 0.041224928814311855 0.08873460980435645 0.08244985762862371
14 0.6827556393890463 0.2984813890476428 0.12789845148456458 0.24753819256923085
