3 0.6014732138379962 0.01792622386837462 0.06438856406450566 0.03585244773674924
3 0.6279621974232217 0.23787812360430624 0.15485877228202943 0.44155819863120926
3 0.5969904653527157 0.5515719437479557 0.18257016591712696 0.2642529552236514
3 0.5395296937322345 0.7425160272696278 0.19805611589950484 0.36654444630736943
3 0.46006277095893305 0.8546356836476363 0.2184323216936205 0.2907286327047273
3 0.29583105034463536 0.9637465801554992 0.3056421355109859 0.07250683968900164
3 0.13511327884712887 0.9291268930872718 0.11087616498326396 0.14174621382545632
3 0.12417639840846964 0.7193745080072205 0.1394057069845658 0.36619473582451767
3 0.249879854135025 0.5593743273135761 0.1458897130284527 0.28074921520228624
3 0.32898450748654395 0.6346476723453258 0.10050182654824542 0.3255063594110294
3 0.5111845163425623 0.6127676054709779 0.20943273629194273 0.4394335805484834
