14 0.08789282891378025 0.2579136365991288 0.08302337324958486 0.32585096231891936
3 0.3547859849842774 0.05434303280688112 0.2986162950570595 0.10868606561376223
18 0.29698208413525906 0.3056904794975229 0.17408125135868002 0.37160082359721514
3 0.45178733857368136 0.259137413426675 0.11504039491591576 0.4372077142200394
10 0.6553899618818287 0.04541718220678302 0.1118889041404629 0.09083436441356604
18 0.8922704473405069 0.018554883306092278 0.10330502825870518 0.037109766612184555
10 0.8903807190980892 0.07742835046144853 0.0939823957138956 0.11542183014688734
10 0.8878610753541571 0.21050604053958535 0.11413947261685015 0.20343757244645022
3 0.8414786872593758 0.38437909375276974 0.20326178963281194 0.20602576672406794
1 0.8661746171040051 0.6060555790084549 0.16693946746400465 0.2576930291985886
10 0.6741498292402239 0.8879814768191044 0.1523069278390022 0.22403704636179123
18 0.2399112016816001 0.6906303985918156 0.29867288539734255 0.6187392028163688
19 0.4559667969527367 0.9260821098913319 0.07636150999048354 0.1478357802173363
