3 0.11378385856395185 0.05741906101430304 0.07977315462826903 0.11471904787254493
3 0.18483180167062752 0.05872269673022718 0.08600542208095728 0.1173263193043932
3 0.1296761648180418 0.26013290804039485 0.15643016126564405 0.28549410331594216
3 0.7825072004024567 0.13302936562300954 0.1159203515004206 0.2633324453333616
3 0.8495041397093301 0.3826737403708586 0.15144433018603348 0.24377805878262937
3 0.6332441481338591 0.5886465722550698 0.16390892214960973 0.30374476463787214
3 0.5142076486425444 0.7040175125796418 0.19008442833344058 0.21118737474790786
3 0.19106408338786568 0.9289226369391995 0.12589198513054184 0.1421547261216009
14 0.5064172929298592 0.4354705840578356 0.08974478825839023 0.19032932264362556
11 0.6772877239994398 0.38893566854421424 0.060965738772859164 0.1350009501668786
