10 0.21367390577355702 0.15715055781957474 0.1288355881112241 0.31329827320084186
18 0.36630917149153436 0.034102854535939045 0.09266007814895921 0.06820570907187809
10 0.5452321180967726 0.2259316701186579 0.018938484090310605 0.4518633402373158
3 0.17432510546372507 0.5401444214570446 0.2405354083455859 0.2615244060193466
3 0.39106083620255777 0.5069560450586502 0.2208610081906699 0.4048981920604099
10 0.19027202838557072 0.8787232035163175 0.15819041986989946 0.24255359296736506
18 0.28156416321703137 0.9088745845201396 0.08944411590774692 0.1822508309597208
18 0.33285152608777074 0.922505836595278 0.03534619600173457 0.15123026256996647
3 0.6172097433854267 0.8065655298712426 0.15311563056578925 0.3868689402575147
3 0.8455209505280092 0.6017333025956261 0.21741329749377192 0.41487836014567236
3 0.7817681790824671 0.9114248956223466 0.19125831433662646 0.1771502087553068
3 0.9011002897369434 0.8384792498824482 0.11606273775983315 0.32304150023510364
