18 0.31667652276759317 0.6005046033460737 0.12862211709047908 0.27368176603469285
12 0.3817267888823182 0.1490070006221734 0.053222945002956795 0.12524419801587647
10 0.7627882909520994 0.064839596143195 0.027350680070963897 0.12967919228639
10 0.8149024246008278 0.1460163911534853 0.06505026611472496 0.2920327823069706
18 0.5384387936132466 0.16379797482240602 0.20106445890005917 0.32759594964481203
18 0.658929627439385 0.023864642471334185 0.05765819041986991 0.04772928494266837
10 0.575768775872265 0.7357992616965575 0.04657007687758716 0.09277348001176049
10 0.6049674748669427 0.7211101273613623 0.016262566528681268 0.0448405153390174
10 0.4138823181549379 0.36702467864981025 0.25502661147250144 0.3386232020429253
3 0.6629952690715554 0.5286051563369594 0.13379657007687762 0.38037126804821736
14 0.3616976142893245 0.8205164875261621 0.3755174452986398 0.35896702494767563
3 0.7627177207352146 0.9357102252074312 0.2579834417504435 0.1285795495851375
