3 0.5140567855358275 0.4582080325294352 0.20519904440741907 0.40350782337226276
3 0.6235120361817204 0.14850135056658179 0.1479891725795442 0.29700270113316357
3 0.5975075489872317 0.38156132588396857 0.17824893949676726 0.26406026676567185
3 0.33131616188728485 0.49826211793771125 0.10165390448754635 0.3075758163450335
3 0.4674851130147888 0.7760810300151648 0.23309476703423404 0.44783793996967036
3 0.1272991396250698 0.8577598968490286 0.12009344995272915 0.2670272360551737
3 0.11807936689247842 0.5714473604120922 0.1442067017148913 0.3748271202404107
3 0.28687212922761346 0.8903093476609892 0.31820036148892406 0.21938130467802164
14 0.25117506044245186 0.3993631416209802 0.15129883458611548 0.2798841029763488
14 0.5406992507062609 0.5748080392438524 0.19619944806718048 0.3654410023154598
