10 0.20065900741123982 0.3625420645105894 0.16985879875985535 0.3047713203621268
3 0.1265834863858888 0.23437356942468512 0.14214457501393726 0.2615979962752975
18 0.6017878389349404 0.03533928585124769 0.07668164338598307 0.07067857170249538
14 0.8704974713086646 0.3245958366451161 0.1406194180693409 0.5308524803253621
11 0.7768627385508636 0.3605046559205806 0.03445822122249168 0.1177602522737084
14 0.7568452685564974 0.5207065263052911 0.15797847824696268 0.3579651661738651
3 0.4833259588594573 0.5583708593155191 0.1964401284505707 0.3585806620313566
18 0.28308897132123834 0.8947081483667839 0.2455501759227604 0.21058370326643222
9 0.5352185960737302 0.9827642066493322 0.0725859291460575 0.034471586701335655
18 0.6914651529127301 0.9666881884426307 0.09401421533707917 0.06662362311473848
3 0.826172962201583 0.9515392165746661 0.17040389478400947 0.09692156685066779
