3 0.43529361243578407 0.19235880602358754 0.1459182494931925 0.3847176120471751
3 0.5360412427754319 0.15073296000909006 0.1420166562550588 0.3014659200181801
3 0.6128069722052684 0.07053547137046887 0.03935250430872565 0.14107094274093773
3 0.7524312965480456 0.20047237510415575 0.24706482469078647 0.3490728642153416
3 0.8522316503273942 0.08539393519439996 0.13443000030059937 0.17078787038879992
3 0.7363295101022436 0.4648957014841065 0.4155938418401193 0.32383870301398804
3 0.7324619888624738 0.7864010067259701 0.10413859256617254 0.4271979865480597
14 0.5025092025145019 0.654498997167231 0.2636546977333228 0.26235357840622003
13 0.4281401819816039 0.8916885026618068 0.15285470956426464 0.21662299467638654
10 0.8939183681013703 0.764998087611911 0.12029403253553822 0.2819488465229546
10 0.7574746026179252 0.02632133125403292 0.06225539652773362 0.05264266250806584
