18 0.11978624107986895 0.7367841400197055 0.035025553990500335 0.09401698814969246
3 0.7028610330557286 0.900399569437588 0.18685432493804668 0.19920086112482396
14 0.7967444440535008 0.7558393034451829 0.19430290878951975 0.3262222321327162
3 0.6804899309544926 0.5871142903144158 0.1600064453560718 0.48527003489693077
3 0.6211769264493562 0.38391836405877844 0.2060081020795987 0.5184174313908452
3 0.7145272917900841 0.18858728602757469 0.2531917580795675 0.37717457205514937
3 0.47362599384443627 0.09617351250345751 0.19333716475374269 0.19234702500691503
14 0.4097024728781697 0.5768150291330337 0.20824820179041095 0.2646216556639943
14 0.27895543077929363 0.35103353473348414 0.12330432229462568 0.1890927546219096
3 0.28308404901641265 0.1718481030497427 0.12600782780500358 0.2213534871436202
3 0.3778236924981993 0.42929972551273954 0.19188444537496474 0.5301525898648956
14 0.8569058314086028 0.3973503108840008 0.19084159806092357 0.2442664504447683
