3 0.07304545963916179 0.6195454437965594 0.09861417205184717 0.5563160521774526
3 0.46936984049904745 0.37654784235388 0.18452803406671395 0.4078609258941436
3 0.899380198360372 0.521998224923743 0.1313505442228142 0.47193103302694017
3 0.9407572406801354 0.8602470136913435 0.08744446675522728 0.27720215342964427
3 0.8780209928654141 0.9242595422514438 0.07694893728288077 0.1491770963094436
3 0.6438876889860051 0.8827092507711152 0.13581731561433305 0.23458149845776957
3 0.6456800268947742 0.6094336671305793 0.25325912367860737 0.30775769265963204
3 0.6042801489667333 0.8637027424728467 0.18216100496892784 0.2725945150543064
3 0.7256172724216504 0.22152741505369017 0.21889357887266067 0.28567357927094356
3 0.8131842210758214 0.7978541374256034 0.16990435788135042 0.4016083895637648
12 0.5125876799364889 0.8211903454328878 0.04262342107699975 0.11208284044929993
