18 0.3792850025850767 0.1447568246421913 0.028216503144129164 0.2895136492843826
3 0.37031692001584154 0.7645881594984848 0.18504903662533775 0.4708236810030305
3 0.4759396633765004 0.9290671055666371 0.16639609373350378 0.1418657888667259
18 0.5601739848483541 0.8215945079972871 0.1732058982813161 0.27497674902336117
3 0.6521063462438219 0.9177596318473222 0.11369412810260743 0.16448073630535556
18 0.7563272794069098 0.6039345154960802 0.2801894419974089 0.440334388638761
3 0.8994908085448315 0.7039542113683165 0.12926787743801754 0.36168112934604274
3 0.8363710544324079 0.08759053425702215 0.15690789885764617 0.1751810685140443
3 0.6415408055419802 0.06176238683395151 0.1829764874151341 0.12352477366790302
26 0.708046376153845 0.13261833720304517 0.13116860921054632 0.19354759874530086
