14 0.10870120511858665 0.10020056661338954 0.08673429187954336 0.20040113322677908
14 0.2006776723491069 0.10152966693279708 0.11882279884360741 0.20305933386559416
3 0.12998761577219586 0.3469366426375535 0.16298423305713292 0.2877545921929553
3 0.19992831228437546 0.9706441125112357 0.09610059265679607 0.05871177497752845
14 0.505808669453546 0.5189779926549029 0.09181763987476914 0.19072881119579732
3 0.6314621777770385 0.6821275539320942 0.16520817962564438 0.3043686377216312
3 0.5147044557275919 0.7951028049472608 0.18776545757705976 0.2113301957091411
11 0.676983846916482 0.47464599027438603 0.059458281403684796 0.1320872649378057
14 0.848523123685812 0.4778233112085575 0.1555897077032331 0.24465643474930285
3 0.7847993193707611 0.17640980717702584 0.12104675753171883 0.3528196143540517
