3 0.5095479155387114 0.13065118912797283 0.2515376285868977 0.2604416761041903
3 0.8554358419057931 0.4021291053227633 0.2159610178668111 0.5296715741789354
18 0.5904412560909583 0.3111438278595697 0.10626421223605853 0.24110985277463196
3 0.8640795885219275 0.07404869762174406 0.08343800757985918 0.1480973952434881
14 0.763782533555704 0.055385050962627407 0.14605992363550135 0.11077010192525481
10 0.2105874390904169 0.0462400906002265 0.017850568489442324 0.092480181200453
12 0.36635625338386574 0.3843827859569649 0.06553329723876554 0.14622876557191394
10 0.5585679480238224 0.6347678369195923 0.037623172712506835 0.07730464326160814
12 0.4172604223064429 0.31695922989807473 0.04934488359501894 0.12614949037372591
10 0.17318084240136208 0.8027120797870838 0.027389147975423793 0.08361356679540935
