10 0.4866484163755542 0.14320951443597696 0.04662297851492988 0.10437988268367197
18 0.8252996169620649 0.6080984515509538 0.15712983028445224 0.30146791225000663
3 0.6826988369488609 0.662128520981255 0.18362604367699956 0.1770436647816994
3 0.6720448260221347 0.9107527944099993 0.16323530407490935 0.17849441118000137
14 0.5310392129789318 0.8479870988402533 0.1570184390308243 0.30402580231949344
3 0.4055121645443536 0.9252958342975635 0.1269049131799278 0.14940833140487314
14 0.4037897056283169 0.5944062667600297 0.20136611450145303 0.34620012432923425
3 0.27971858825386253 0.716674387174024 0.22657560162340837 0.3225005572907052
3 0.19506972394997152 0.8947356136603606 0.1280353251777249 0.21052877267927908
11 0.11824077942258052 0.9537764656503668 0.05525111866336991 0.09244706869926636
10 0.4194463264050192 0.8185312196460718 0.046242695613683035 0.1020518017374501
