10 0.38868435300487275 0.41022083805209514 0.05242014076881426 0.505356738391846
3 0.4994396318354088 0.16744620611551528 0.185343800757986 0.24345413363533408
10 0.21182458040064972 0.14219705549263872 0.055971846237141305 0.10792751981879956
10 0.7391019103599787 0.9013986409966024 0.2598518330341026 0.197202718006795
14 0.6600243638332431 0.10742355605889015 0.14902544667027612 0.2148471121177803
3 0.6800081212777477 0.3512570781426953 0.266610720086627 0.36482446206115515
3 0.8502273957769355 0.3534258210645527 0.1752680021656741 0.47688561721404304
3 0.40439361126150514 0.9593374858437146 0.11345425013535466 0.07851642129105327
3 0.8209691391445587 0.5441166477916195 0.14530590146182992 0.09067950169875424
3 0.8139486980277046 0.0884189450938922 0.15301770189115824 0.1768378901877844
25 0.7108888273274259 0.53286870181856 0.11054266589324085 0.1743086162812202
3 0.8956018860264265 0.9663608538404236 0.06348268989444149 0.06727829231915289
