3 0.4044404195642811 0.32116150739235766 0.20282855060656685 0.3561329494873248
3 0.6862901648732354 0.3981519931662918 0.18552577026640665 0.1791970165580069
10 0.8309039851747214 0.3269078770504951 0.1564385317366943 0.3029121742564307
3 0.27908892853159933 0.44768576670100585 0.22721681397301607 0.3233839513421952
14 0.5341807949404803 0.6088877666882516 0.1602229904716939 0.3361233191223424
3 0.6749615219485037 0.7735195964624602 0.17006124427258723 0.42627884495107543
3 0.7026023302462522 0.918363229839672 0.17287217392998544 0.16327354032065605
3 0.5669749742767919 0.8713255641898981 0.07683207730221575 0.25734887162020376
3 0.4090944251862633 0.7960584779196436 0.13679857666004275 0.37728127656589444
10 0.4194011672633898 0.5711596390316622 0.04778580417576838 0.09799513677036217
3 0.37820658138745883 0.9784197598299609 0.12867929109021897 0.043160480340078196
3 0.1962343164358998 0.73312519012607 0.13805299963941434 0.41203899985630904
10 0.2881291935459137 0.8968316633029233 0.06457837844318286 0.20633667339415343
11 0.10993430971338772 0.7387642654436316 0.06872244550905557 0.15747362280740626
