10 0.12926001599848808 0.9561685199647908 0.03335623726704852 0.08766296007041845
3 0.4085184157111941 0.8467960071672732 0.20613400946680363 0.3064079856654535
3 0.3764739546560335 0.7151508544597167 0.19076768420165166 0.524468365427023
3 0.27977835349980407 0.6191158906774825 0.12405519251107033 0.20696509487703163
3 0.28633717451154855 0.44782092828129055 0.12592916097897933 0.2406753425883414
14 0.38030284545312426 0.12412919440906625 0.17502650691087124 0.2482583888181325
3 0.4747497033199956 0.031230089322216836 0.049846964200727206 0.06246017864443367
3 0.4738127362425254 0.29411997234202014 0.19414078626832576 0.2908486510731261
3 0.6692652558315283 0.09825855754943731 0.15029042508859547 0.19651711509887462
3 0.7123659987424231 0.41328170559711686 0.25073392028943225 0.48683834817665383
3 0.6186310521308748 0.6541099144987595 0.20013738928932268 0.5103571089581349
3 0.6787858649182984 0.8020301481307488 0.15628706242256105 0.39593970373850235
3 0.7960948704525054 0.9231517661553753 0.16228373406949512 0.15369646768924936
3 0.8564359070964613 0.6542336765198442 0.19076768420165183 0.24616307736187443
