3 0.5866259153222628 0.43713125690531734 0.11243970286975584 0.43529233782747767
3 0.8787087168381158 0.14183465458663647 0.10563616675690303 0.28366930917327293
3 0.879325933946941 0.637083805209513 0.15004331348132113 0.39124575311438275
3 0.6917385106896352 0.33604738894368696 0.11172148482396098 0.3697313809270576
3 0.5585502255976352 0.862400906002265 0.2015725681416701 0.27519818799546997
3 0.4775175748655572 0.5787961171815477 0.10483938986398535 0.35456870037828364
3 0.7782698030642925 0.25948571149822774 0.11536004331348129 0.37804734868627726
3 0.37993005068225544 0.5610670722635399 0.13211153221440172 0.660965121479064
27 0.49958040064970216 0.26485277463193657 0.04444504602057392 0.11378255945639867
3 0.5979245069222845 0.1291449603624009 0.25247101904510105 0.2582899207248018
3 0.7581335931650984 0.6885451161954516 0.14786437095391075 0.5200347397521715
