3 0.8432894147893906 0.32518944323070365 0.20440916299601888 0.33418751729717316
3 0.865996166269154 0.6439125570386847 0.16729705430916278 0.32727415853075464
3 0.8515062431331677 0.9022917516927605 0.15038237952250494 0.19541649661447894
3 0.814308642122775 0.8257548874220965 0.14584625471335733 0.3484902251558071
3 0.6998709667638009 0.810559223417646 0.1922579239405972 0.37888155316470806
3 0.5982388300292113 0.6551373768067627 0.16803680432631304 0.3240255159426012
14 0.5794732971163551 0.9440069517030051 0.12225967578251418 0.11198609659398977
14 0.6312293187398138 0.4655466842120739 0.1512298346177536 0.2969648050429025
3 0.45745676394882545 0.7803600643771982 0.14078215285990875 0.3940312116906107
3 0.4496254814206422 0.3853730123832793 0.08294457533462274 0.19729575483528725
14 0.27448417590074403 0.551566010869759 0.07338632997165684 0.18304526100120508
18 0.17903418385181466 0.8890186217444858 0.06993886822659559 0.1273902456190417
