3 0.7923696257179278 0.8147063473736986 0.13420997131163864 0.37058730525260253
3 0.5707032073352555 0.5512741723283962 0.18338615538243705 0.33037340547099253
3 0.4907796776614224 0.32998790291341024 0.1692155040879756 0.3243055075180154
3 0.6024898443773331 0.2351143804759078 0.15230954304046326 0.42431158441861094
3 0.6972744546017962 0.3520642522171937 0.12121934294411367 0.355611849747954
3 0.8380450290678743 0.36219131828519885 0.2675022080014379 0.4361480480309377
3 0.22732018781777522 0.03449380405711331 0.09291815900115127 0.06898760811422662
3 0.6730444602673054 0.05985711343389774 0.20703250829325803 0.11971422686779548
10 0.43055055449546203 0.7811869756086793 0.027359314300310075 0.04517276519215615
11 0.1095716551181135 0.40035041361039353 0.032410263726921955 0.09068492391492725
