3 0.551042230644288 0.7985447338618347 0.10876556578234975 0.37194790486976226
10 0.10619112073632918 0.4299830124575312 0.045831077422847866 0.0873046432616082
3 0.8340173253925285 0.5943431483578708 0.21064428803465077 0.3578822197055492
10 0.09842717920952898 0.14413363533408832 0.10236599891716296 0.28826727066817665
3 0.37776935571196535 0.5774575311438278 0.15125067677314566 0.395277463193658
3 0.21371413102328102 0.14167044167610418 0.15617758527341638 0.28334088335220836
10 0.6538423762040982 0.035107587768969425 0.11703696468910128 0.07021517553793885
3 0.25577964266377906 0.7127236693091733 0.11436383324309689 0.5745526613816534
14 0.49789929615592854 0.40389069460955274 0.10479696805630749 0.430497206477384
3 0.17482365339993577 0.7213773864141406 0.04065840871600781 0.07976117176001761
19 0.12436075128570864 0.8309908172924291 0.054211227394181404 0.1412637617843643
