3 0.42931683540724347 0.8405062746248267 0.13809314287880772 0.31898745075034646
3 0.7452283993296815 0.955256447060756 0.14944317287189002 0.08948710587848813
18 0.15691403730485115 0.7304737937770709 0.06242564123179822 0.15431917711449292
10 0.629835532923332 0.30510686895384964 0.20997715687059404 0.4273454588309759
18 0.5616198719404148 0.7565682568872033 0.04121039705527086 0.10453872100913113
18 0.4140714252048226 0.4344673839494931 0.1305408225211151 0.21715522618118
18 0.5060667481601333 0.4290922629933837 0.06578439077898637 0.2623063111075865
3 0.8379938756963761 0.8440324399228051 0.18545887232142064 0.3119351201543898
18 0.09929107748900372 0.3398217576539619 0.017872534933954333 0.05490861614323276
0 0.13632724072066657 0.39060991998338335 0.04199361886400585 0.22734909418593502
18 0.4213687631374789 0.22571757421417263 0.01365659397082849 0.05713189280750102
