18 0.17014076881429344 0.1991732729331823 0.17574445046020576 0.3266364665911664
3 0.6178370275756075 0.20464326160815402 0.17941617649320016 0.24998867497168745
18 0.48172006252264943 0.4308762491536392 0.10585485162894796 0.2420980113189957
10 0.6977883053600433 0.5743990987315375 0.13885760693015703 0.29339885802956384
18 0.08976989713048186 0.472630680337987 0.12072008662696265 0.34961972652674406
18 0.5570357336220899 0.8339354473386184 0.07192744991878723 0.33079275198187985
10 0.4519757691107158 0.8658389620799648 0.18828734325518842 0.26832207584007045
18 0.5634054719759117 0.47106455266138164 0.060963825945307165 0.12824462061155154
3 0.15129128316188414 0.8105740085590836 0.11974553329723876 0.22647105661794564
12 0.7077651194697342 0.8434392857488615 0.2530755133058885 0.2964023455849047
26 0.05757541254771892 0.7006584244322923 0.11515082509543784 0.38486661659407884
18 0.13484780424910203 0.8744962741680253 0.16830237887658625 0.25100745166394933
10 0.27683164926155523 0.8958995328426825 0.17688061370086264 0.20820093431463488
