3 0.3974786433402814 0.9290303033504749 0.1533686415550799 0.14193939329905025
10 0.3432962854163826 0.7992254914819873 0.06869020239532536 0.1461588125439488
3 0.4491729424047769 0.6286169518546054 0.2351894220239882 0.39601528297723737
3 0.18773798550098958 0.36001270281571096 0.1799442705542852 0.32094422389848465
3 0.34640311645893374 0.0784577233786289 0.1659056265760474 0.1569154467572578
18 0.5185319789291468 0.07974877250921873 0.2096235486891827 0.15949754501843746
3 0.7129545299961314 0.06376273982937014 0.1751243347358669 0.12752547965874028
3 0.7058266778527009 0.2775804010924798 0.3645091188846857 0.4962814475197439
3 0.6817586633210024 0.5366571012031216 0.3017459593416271 0.5042161799655536
3 0.4224533133218506 0.4662326612962807 0.12020785419181947 0.19886716219544442
14 0.36433343180264416 0.30511125380643833 0.17394499393098317 0.23821242922498564
11 0.323458197272014 0.4057193839869016 0.06957843777112709 0.12634066847019304
