3 0.4620564785977832 0.058610716793205314 0.08425223852965562 0.11722143358641063
14 0.3815986623898552 0.17331592708264243 0.18022818553181083 0.2637871323942383
3 0.6773351682797671 0.12675028842890795 0.16436564670838066 0.2535005768578159
3 0.473931888050893 0.3574414943865697 0.1948276634319476 0.3016966426029427
3 0.7114014306929983 0.479373410362554 0.24654843491654244 0.4895038037395959
3 0.8542092448075316 0.7115397770708032 0.18944507222450424 0.25674630931885045
3 0.6166129919685116 0.7122936354640538 0.1993762647262433 0.5211096091460488
3 0.6787107596949924 0.8330206494053805 0.15478378492107672 0.3339587011892392
3 0.8069369280937725 0.9475183974103993 0.12031991854763914 0.10496320517920141
3 0.4056981202909135 0.8719199260385523 0.20674692115105658 0.2561601479228952
3 0.37693627619458 0.7581574983231183 0.19219262295707967 0.48368500335376347
3 0.2871107219829628 0.6762415213739695 0.13492632113738595 0.20386799993785065
3 0.28693278493089464 0.5080493506474372 0.12822568933164874 0.24719000840364358
