3 0.46726592033221276 0.10519110388040388 0.09388425382365831 0.21038220776080777
3 0.3806239944829587 0.27883191097626925 0.17784774886698163 0.25357413405261103
3 0.4730051834785559 0.464057923343424 0.1911560838162115 0.28799138178829475
3 0.6758310682483446 0.1785172679695619 0.1635715350123531 0.3570345359391238
3 0.7101791133676388 0.5926890866251256 0.2471200003996236 0.4934102902052826
3 0.6147214336586629 0.7808938855497067 0.19914108478574952 0.43821222890058636
3 0.6977170497965876 0.8795904047917411 0.11445168056337729 0.24081919041651792
3 0.8503944330781623 0.8179777100591746 0.1797835066777786 0.256610950029289
3 0.2873652886227907 0.6194219119399119 0.12872789441800572 0.254586406044837
3 0.291236804244385 0.7793608867116186 0.14227819909358527 0.22320597428583122
3 0.37769138915792955 0.8142008945014727 0.1870425984682677 0.3715982109970544
3 0.40856149870161074 0.9200521405780197 0.19914108478574952 0.15989571884396064
