14 0.09612795692031535 0.40747512127450747 0.09872427719725624 0.27891557644786164
3 0.1948522341175716 0.3592012715046853 0.13462401435989485 0.3540082316453627
3 0.132027694082954 0.6971182198934407 0.15770241682159117 0.2628242931912541
3 0.6134688121033399 0.9316974067725252 0.13590614782998908 0.13660518645494962
3 0.7814282966856849 0.4785449556578569 0.1282133470094237 0.46396533389884675
14 0.8391243028399256 0.8325531873032197 0.1435989486505545 0.2655061737340222
0 0.29870504519520474 0.02271062400042049 0.0653888069748061 0.04542124800084098
19 0.5185909353163664 0.06964353349885874 0.030771203282261635 0.13928706699771748
11 0.6723662159429706 0.8022719067746616 0.06170387813393156 0.1222458135407775
14 0.5038646442297736 0.8383745584245607 0.08850369707548433 0.18413453737937435
