3 0.1749690705594029 0.8571669205694908 0.18145703535277286 0.23041277580215316
14 0.2725536473742881 0.6324905655244815 0.1837423709630791 0.24762201983800577
3 0.3164324188863362 0.8303473118048421 0.159974713231638 0.3393053763903159
3 0.38219498208096386 0.8928763432261956 0.13648635451419872 0.21424731354760862
3 0.4339256388975662 0.929574876862999 0.19247413128176474 0.1408502462740021
3 0.47993834410256386 0.5447301871988331 0.1711190176680489 0.28524196417524306
3 0.5591067406284104 0.7049793841597003 0.26253357454173326 0.5197029683824834
3 0.6917687467657868 0.8761576521243719 0.13493829926393686 0.2476846957512561
3 0.8108915239081083 0.9507818281215282 0.13540167975988976 0.09843634375694364
14 0.7682109891442442 0.3118324126646193 0.18981056074532263 0.34022066184036814
