14 0.25645287811437745 0.7246063599778552 0.11729109857681819 0.5507872800442899
14 0.4977587688170035 0.4268820506837619 0.10982032796682976 0.432207352420324
14 0.21611071682044003 0.15194148237602487 0.15763325987075563 0.30388296475204973
3 0.5493168458221395 0.8168450159495566 0.10669775629507926 0.361702329725549
3 0.8332715622938015 0.6101693305576135 0.2067899597200433 0.3719191584781845
3 0.37561166934369283 0.5992305317788434 0.15240372044376368 0.40004749819502206
14 0.1731537858130066 0.7422162586727673 0.04482462365993054 0.08907307576998537
10 0.10591685032311082 0.4523380910353587 0.0463187777819282 0.08438501915051247
18 0.09937031460060926 0.15470586844260617 0.12027940682081359 0.30941173688521234
10 0.6621157222367487 0.047241551207796446 0.14418587277277647 0.09448310241559289
12 0.12603802699704147 0.8477843798640508 0.055620332055732434 0.14283678963547167
