18 0.2923655846501044 0.8519309173272933 0.27081885988431353 0.2961381653454134
3 0.48400920411478066 0.46721404303510755 0.19503519220357332 0.3603397508493771
3 0.7563345966432052 0.42993771234428085 0.1626637791012453 0.3546659116647792
3 0.8335517054683271 0.9086806342015855 0.1901028695181376 0.18263873159682897
10 0.20182999458581483 0.26652321630804077 0.17306984298863023 0.3205436013590034
13 0.7224187566982647 0.9273386183465457 0.15145364766832156 0.1450509626274066
3 0.125143475906876 0.15459229898074744 0.12200324851109909 0.24438278595696492
3 0.8670384407146725 0.25008493771234425 0.13694639956686522 0.4993318233295583
26 0.7773009407209582 0.2772462807535396 0.030688054830553094 0.10548379907307515
10 0.5386767338824608 0.9413982096705247 0.12993640393088482 0.11720358065895069
