3 0.8807557105906666 0.43533684846999515 0.1410901942035787 0.3921857304643261
3 0.5878897959446897 0.2203114382785957 0.11266377910124521 0.4406228765571914
3 0.8694181816678817 0.04669875424688562 0.08289164742975169 0.09339750849377124
3 0.47842317396692047 0.3759119553306239 0.1075607987905771 0.368834103186729
3 0.5599783432593395 0.706845979614949 0.2027504060638874 0.35838052095130235
3 0.6932075124499627 0.16055343743204653 0.11783492606861713 0.32110687486409306
27 0.49973082030715643 0.07712645002696653 0.04364139156179525 0.11593962542738066
3 0.3809014618299946 0.3437429218573046 0.1340606388738495 0.6874858437146092
3 0.777256589558706 0.1256568516421291 0.0999239131742359 0.2513137032842582
3 0.7618705759672784 0.46994786757276136 0.14806143661703286 0.5197590718319391
