3 0.3128663818073317 0.8956881040634015 0.2186633736134183 0.2086237918731971
3 0.47264299047011493 0.8286283285861351 0.16298184763244966 0.3427433428277297
3 0.23028642072634856 0.6696359275449951 0.22580391907191 0.17945330986759783
3 0.11808844350843206 0.767759337243235 0.09694501373907242 0.421002198229789
3 0.24969860231338337 0.4592064881504341 0.2028088633166217 0.2799213795215682
3 0.08453637182781142 0.3747759395266019 0.08085754847192532 0.33307627633566617
14 0.1293374289823642 0.2594351136747344 0.0877241313553954 0.35152380582944287
14 0.24424185338990245 0.25315192172202655 0.19295778234550404 0.19103350939334846
3 0.23807408350261888 0.09600319008008808 0.1978543395466207 0.19200638016017615
3 0.10484054912490835 0.07203418897729888 0.08564358167813346 0.14406837795459776
3 0.37684610973589716 0.11404311964644652 0.08589919499909182 0.22808623929289304
3 0.4126547650006914 0.3370621268844064 0.17351489715201762 0.21382020556909578
3 0.43051504674499774 0.5368248018520939 0.17111119004680653 0.25601896380496686
23 0.5160150214836624 0.16911325858167212 0.15968097207229182 0.33822651716334423
14 0.6794079007191419 0.560636214367269 0.12536661015380396 0.24396228569014575
