3 0.2773366525057776 0.48502556698071575 0.127143701951508 0.19791675735842193
3 0.28435912441588995 0.30875595495837116 0.12640449438202248 0.22884125069567549
3 0.3786080895252927 0.5692948113247314 0.19515079834417498 0.5210777127327205
3 0.4103940150131697 0.7215979410107046 0.20697811945594313 0.306152484038809
3 0.38045610844900646 0.0631507221342879 0.1737137788290952 0.1263014442685758
3 0.47396586598892354 0.15722593760582926 0.19810762862211703 0.30615248403880907
3 0.6628333999924717 0.0391842397979165 0.09831460674157308 0.078368479595833
3 0.7130995147174864 0.26855411361994164 0.2565050266114725 0.49169944406232974
3 0.6203289647470549 0.5136307233176751 0.2054997043169721 0.5210777127327204
14 0.6776175513821819 0.9682615848523081 0.10866351271437012 0.06347683029538388
3 0.6794655703058957 0.7192786040104105 0.16262566528681244 0.4932456687291923
3 0.7995868003472913 0.8592527458384895 0.1796274393849792 0.28149450832302086
10 0.12395108183753396 0.8476152513600124 0.03769958604376106 0.09741215401234822
3 0.857037256061502 0.5255127070032342 0.19515079834417498 0.25048839603175277
