3 0.47396849114662865 0.3357058052094302 0.1464148975213369 0.24792542044414817
3 0.5863169002127628 0.2152866200340004 0.11728456693670258 0.2809400554823062
3 0.7868355977288514 0.33992904363957055 0.17781846434088922 0.6172767310995464
3 0.787781469642657 0.9113355330007719 0.13430974181810207 0.17732893399845628
3 0.5219995584506117 0.9647537096942502 0.09836773482220888 0.07049258061149963
3 0.4586280669536371 0.8836372342540922 0.17214344934434805 0.2327255314918156
3 0.2789178804337658 0.859895822390324 0.1683600915809011 0.2802083552193519
3 0.21932976834886747 0.4705068202110826 0.2648360825754983 0.5064835134712529
14 0.38296063025251575 0.7494684096103582 0.1532265739325957 0.30468151262922366
14 0.4103900714563385 0.529860349870503 0.13241804128774914 0.2611555305014496
14 0.5160329316330862 0.645035040524852 0.0883977486421525 0.3569085924885203
3 0.6404064939857816 0.636434829771305 0.1911857945369379 0.5547133537012404
3 0.6810964785064925 0.9170072305254374 0.1723978463589244 0.1659855389491251
19 0.47820482948879917 0.03652610834088421 0.07236523383209621 0.07305221668176842
