3 0.46718248836064075 0.1079460037538356 0.07944496338667276 0.2158920075076712
14 0.6559486003460511 0.367428120871867 0.14264856899072842 0.2741053541317144
3 0.809854607441614 0.2962686639147232 0.19306077847370426 0.3528586948800886
3 0.6752067475031105 0.6756830852202196 0.26193791424003465 0.3533159649398157
3 0.8507849903449634 0.6886840103121306 0.15034400670916548 0.42527083549945494
3 0.811820535692497 0.8874106661355151 0.13125690376416133 0.12327850006542267
26 0.7172047794995852 0.8429920959110658 0.08926339693523508 0.12097038757027201
3 0.497860220240226 0.48333074086153954 0.18349641415110793 0.23647937087485202
10 0.38842694983739906 0.7020652405348274 0.05154474982577441 0.4822816110290127
10 0.21387390020481134 0.4326075458019767 0.05419436249520888 0.09544824949325761
