3 0.07880006048837976 0.4977905245532713 0.10655046256361177 0.5690034477356388
3 0.47058369048644866 0.2477161945594674 0.18374164947157795 0.413706063176076
14 0.7262246648399642 0.12334986629260938 0.21996492398673279 0.24669973258521877
3 0.647114598898774 0.4846065534971424 0.2539467686964603 0.31436853028227046
3 0.6453870333214564 0.8058209588541123 0.13331233957103358 0.35638674918161717
3 0.5994903123167609 0.7914432231444792 0.17284359853541384 0.39486985139791636
3 0.7082614005580862 0.9329672397706152 0.21430256904087333 0.13406552045876943
3 0.8710851210463514 0.8664797329558951 0.11471902972248954 0.2670405340882097
3 0.9434516865402748 0.8036450367150074 0.10158389245780337 0.39270992656998527
3 0.8167540428033787 0.6990999916123259 0.17738122557514044 0.43844736869036693
3 0.9004301556085462 0.40319053980573905 0.13009836478251222 0.4617569706944598
