3 0.7005793299447998 0.7114939907779348 0.20768431983385247 0.2972347978500705
3 0.8224572334262448 0.8363124124526166 0.15193747608897634 0.3273751750947668
14 0.23711537410504452 0.5068592645657708 0.3738317757009346 0.4870077841697309
14 0.4202054981690988 0.8200990130693068 0.20221894299611956 0.24464710284582716
3 0.13108706345302504 0.9552063315926449 0.07432912499316828 0.08958733681471019
3 0.09009673717002784 0.7823730579575671 0.09509755697655353 0.3109533269816126
14 0.2699076351314423 0.7880891117623761 0.17051975733726843 0.25836563197736906
3 0.2835710772257747 0.8946161612616689 0.18691588785046734 0.21076767747666214
14 0.2485926654642837 0.2496368433493636 0.11914521506257862 0.24236068132390365
14 0.3742963327321419 0.12596163243564362 0.1694266819697218 0.25192326487128724
14 0.1223424605126523 0.3445233365091938 0.14428594851615018 0.2720841611089108
3 0.11797015904246594 0.037934403841584245 0.0852598786686342 0.07586880768316849
18 0.8978794337869597 0.1362505292842999 0.06449144668524896 0.2725010585685998
18 0.7874788216647538 0.043650457646393304 0.11477291359239224 0.08730091529278661
10 0.41036781986117943 0.9481386182970294 0.07760835109580805 0.0708790671796322
