10 0.11819929036073336 0.5680338853419576 0.03622117090479007 0.09122725534489771
3 0.28526020106445893 0.033141990472510215 0.11605558840922532 0.06628398094502043
3 0.27675931401537557 0.14746077595531074 0.11975162625665291 0.20874033002646078
3 0.37803075103489064 0.25502523016730366 0.19367238320520405 0.5100504603346073
3 0.4094470727380249 0.33919263464628213 0.20623891188645768 0.2674968673672423
3 0.6175340035481963 0.22332762449661892 0.19515079834417498 0.44665524899323783
3 0.7897693672383205 0.08957919081299776 0.10053222945002961 0.1791583816259955
3 0.8537108219988173 0.21858711063099365 0.17519219396806626 0.22729502602881282
3 0.6840626848018926 0.3979491719870637 0.15966883500887047 0.4901532193954672
3 0.8004878769958604 0.5657145483416636 0.19441159077468953 0.31542983203998515
3 0.7051301005322295 0.7790935523687124 0.18406268480189236 0.2937826867039078
3 0.6419278533412183 0.9560344368594511 0.12714370195150804 0.08793112628109774
