3 0.27661804292390885 0.08949845239042298 0.10921307325837686 0.17899690478084596
3 0.4093572647529398 0.23723670718545647 0.20720264194685917 0.27900937325127234
3 0.37719769609606785 0.2172648959496156 0.19468417335332452 0.4345297918992312
3 0.6189973410941876 0.18410367262245267 0.19679862556563082 0.36820734524490534
3 0.6857087296464948 0.3143284340115678 0.16196043250354636 0.5077793325689638
3 0.7827507425872728 0.04833379206012907 0.07668632702114905 0.09666758412025814
3 0.8516450771786321 0.14444961636946524 0.16610067593051464 0.2216416475645916
3 0.8010873139732259 0.48203186255291286 0.19558265516121226 0.3165580719302483
3 0.7062972300732805 0.6989173485205821 0.18419759265328872 0.2845114792776467
14 0.6540575942333385 0.9211240353432376 0.16009285738104143 0.15775192931352489
10 0.1179337458419688 0.4933465219704863 0.03633506480993738 0.0925753914954535
