3 0.5001705468327017 0.2403510758776897 0.21484028153762863 0.3019705549263873
3 0.668207904710341 0.8059569648924123 0.2096697347049269 0.385753114382786
10 0.35348402815376284 0.9774575311438279 0.09396318354087707 0.04508493771234422
3 0.2027422847861397 0.8504983012457531 0.1584244721169464 0.29900339750849375
10 0.09164591229020032 0.4230294450736127 0.04986464537087168 0.09550396375990938
18 0.13419927342808238 0.7082672706681766 0.052879200842806506 0.09771234428086067
3 0.6648186247969681 0.04578142695356738 0.1300595560368165 0.09090600226500566
10 0.1845966432051976 0.5783578708946773 0.021386031402273957 0.03524348810872028
3 0.5252138603140227 0.8761834654586638 0.25590687601515977 0.24763306908267266
3 0.2483363872716317 0.6791125046351496 0.07210324000627395 0.143681265259944
