14 0.8769279616868471 0.43823652762467735 0.1471593592577326 0.40296180853557706
14 0.5726914868178437 0.5206511324823407 0.05954135380163957 0.12005567543359602
14 0.6686751714645407 0.10709893033271006 0.10167373912352429 0.1623040617712741
18 0.6066898655953745 0.03162908900759099 0.1739156063955021 0.06325817801518198
19 0.4269770723200225 0.1790086393516215 0.10880873836026282 0.358017278703243
9 0.3835426859241447 0.023622451030832325 0.09810623950515504 0.04724490206166465
10 0.26670707342255096 0.09171553441763121 0.01783749809184637 0.18343106883526242
14 0.14653181969249846 0.21203370017126041 0.1676724820633559 0.31901143175733193
18 0.08536976635807081 0.5693348489418515 0.06881161239331615 0.3470862036453085
18 0.16436931778434483 0.5067928008593215 0.15696998320824804 0.23319549105068127
10 0.24374618429306116 0.6364494938835003 0.21761747672052567 0.4328108313900643
18 0.2624755572894999 0.8024846835115853 0.13913248511640167 0.2798345892608175
14 0.36816273348368955 0.6429789676329194 0.16142935773120962 0.2928935367596556
18 0.5197814672643838 0.9452003240346023 0.08294436612708565 0.10633714391911074
