14 0.7514170596474095 0.8067393650252186 0.1514170411144673 0.38652126994956276
3 0.1894736965658211 0.2577993798945692 0.2307692307692308 0.18969550912094374
3 0.6142826909202332 0.5318346290544249 0.12513866180302097 0.3653394037921169
3 0.5205960151780554 0.582926171750427 0.09167913475224314 0.2043661173871079
10 0.6760668249987625 0.2584881630859876 0.0528844322390223 0.09955811165501917
3 0.8624274904485848 0.9205030142192838 0.12714625384814238 0.15899397156143236
14 0.5621050575903469 0.9572951899150869 0.13183056721317657 0.08540962016982616
14 0.2040618642842967 0.8939266411411492 0.19791155287496606 0.21214671771770177
10 0.3030998901514878 0.8083164093116714 0.024734806571420326 0.06645729788353527
14 0.1188309958786672 0.662771413204077 0.12388377900263343 0.2336813571982277
10 0.2762486474167849 0.41601638903729804 0.03348271397292792 0.06635073432859623
11 0.07433632980827343 0.2352281525972058 0.03154424374768298 0.0880990362053686
0 0.39187643783704257 0.42711993234563117 0.05830381662113685 0.10485936575110404
