3 0.7888862007633334 0.25694584702144924 0.1647088529898443 0.5138916940428985
3 0.5848191757317402 0.12404020944937909 0.11220198477879889 0.24808041889875818
3 0.47204174594852316 0.2360164328835331 0.14925375362482907 0.2579035215949852
14 0.4093820736050212 0.4260716151387129 0.12327852324367408 0.24522974755285049
3 0.22269497149754455 0.3726915188885305 0.26119833812990667 0.5000583538269756
14 0.38334532444795194 0.6380945008438702 0.15286613088196913 0.30756887406504985
3 0.2715796616168454 0.8061948962179657 0.15874526500386707 0.38761020756406855
14 0.4598351312664457 0.83614057059893 0.15677375255711165 0.31466879794222874
3 0.3753528548836736 0.9533876555456157 0.09703880370766069 0.09322468890876885
14 0.5076435410349417 0.9184880605324238 0.1163886134159685 0.16302387893515227
3 0.5942721148359645 0.9756495709603191 0.04942445217373027 0.048700858079361836
14 0.6963734990062405 0.8596803280084989 0.20789648151504025 0.28063934398300233
3 0.7939936871255474 0.8395838228599491 0.13629318136098328 0.2560190370278779
3 0.6408402916277768 0.5206225960438592 0.18723677377732775 0.5386849835432194
14 0.5133268208219862 0.5239518605660932 0.0876343940730079 0.3447088828668267
