18 0.3778977148674828 0.12061765334165826 0.02717036864548305 0.24123530668331652
3 0.6242212924782553 0.03353548033397724 0.1272390672738463 0.06707096066795448
26 0.7073127085727139 0.08996642091742621 0.13267452257486495 0.17993284183485242
3 0.8341153025913182 0.061419653000629584 0.14972208692806 0.12283930600125917
18 0.7569098579247924 0.5414282027635398 0.28043685696562226 0.4441633463234953
3 0.8997655465188031 0.6492563658580738 0.133165170201163 0.3726707650575915
3 0.6596831033665506 0.8923310001594041 0.12354692575773295 0.2153379996811916
3 0.4971681176996188 0.9041720480585153 0.21859618767389752 0.19165590388296944
3 0.3700264070852447 0.7167028229658566 0.1846451601638292 0.4781060314991099
18 0.5613394600313263 0.7687209568169162 0.1732834113007432 0.26991894468896027
