3 0.08275787325706485 0.29691764909488505 0.10069693728886299 0.4688705536160368
10 0.3665054796928335 0.09971642965811699 0.03893281274350644 0.19943285931623397
10 0.5891930887398168 0.08734954655942934 0.11132550043380315 0.17469909311885867
0 0.16073707431919396 0.8201371863990997 0.14656232310879028 0.3597256272018007
3 0.3426467812365748 0.7708367884974341 0.1675983271314637 0.40395001542304704
18 0.623203419322114 0.8921187308897692 0.11567845964204046 0.21576253822046146
3 0.658147954005647 0.6829972026701999 0.15584459146219334 0.3906781783057469
3 0.7924595071439596 0.7846298811722552 0.15780981843408806 0.37344815238983503
3 0.8797589759165907 0.5104768253204506 0.1489274646760717 0.3387664002607625
10 0.8656172032245415 0.050715258216107645 0.0373720502237602 0.09394101291840766
