14 0.3824943979887413 0.6154642868571427 0.15303055145652295 0.3200990130693068
14 0.22399846969448542 0.35481223335785017 0.2623380882111822 0.5121584209108909
3 0.27264032355030876 0.8020160896237624 0.16286822976444235 0.3959678207524752
3 0.37156364431327543 0.9472038562659122 0.0896321801388206 0.1055922874681756
3 0.46064928676832273 0.8143829592644978 0.15412362682406955 0.32009901306930694
3 0.5032792261026398 0.912907533437058 0.12788981800295132 0.17418493312588404
3 0.4721265781275619 0.2199133635643566 0.1486582499863366 0.25150636741159815
14 0.5131169044105591 0.5102888968486562 0.08853910477127405 0.33839038524469567
14 0.4092747444936329 0.41311598216690243 0.1191452150625786 0.24007425980198013
3 0.5830737279335411 0.11338631406506368 0.11258676285729909 0.22677262813012736
3 0.6388205716784173 0.5091456860876945 0.18691588785046737 0.541881900695898
3 0.788025359348527 0.2505716053804809 0.16396130513198895 0.5011432107609618
3 0.7923976608187134 0.8498224928543139 0.13554134557577743 0.2903755332842996
14 0.7000327922610265 0.8557469953889674 0.21096354593649233 0.28850600922206515
3 0.5987435522436931 0.9707955887566555 0.06956633132139213 0.05840882248668882
