18 0.1176906691088535 0.6113405851936558 0.1685304615229757 0.29800717469148946
14 0.2558161504601583 0.630117460021778 0.1945918730986936 0.42520535901102763
10 0.19211047771951456 0.23459167735197603 0.1424690499472578 0.3052756423668916
27 0.6920138468217802 0.8679246027968934 0.30691874721605517 0.26415079440621314
3 0.8080358787364208 0.7938486040895076 0.17200940778042637 0.4123027918209845
3 0.6997711338393288 0.4487165248899204 0.1551457403509728 0.3710854792389036
3 0.8603132477677269 0.5757039512454388 0.14840027337919146 0.3400441083519992
3 0.2621179431887015 0.10755757275212872 0.15694761193376777 0.21511514550425745
14 0.49404033922289997 0.6700785226344336 0.12546568567513464 0.26102970973078776
14 0.8445791392288372 0.25033298967579487 0.1754801712765006 0.39976572214712014
