3 0.31796042818185644 0.8059709178908995 0.15959772842899642 0.3409109930839376
3 0.6908963736728375 0.8624178935447339 0.13606930157011365 0.2751642129105323
3 0.1743166693019351 0.8327802944507362 0.18242868240462812 0.2313137032842582
3 0.43348673524634546 0.9189184597961495 0.19428262046561995 0.16073612684031705
3 0.48086897671900375 0.5197055492638731 0.17041147807255008 0.27832389580973954
3 0.8097080822454297 0.9361612826135857 0.1475573060018315 0.12767743477282856
14 0.272977801840823 0.6081030577576444 0.18126691932864106 0.24920724801812005
14 0.7682368591642627 0.28636955965017513 0.188467014740823 0.3447306317300308
3 0.5598127755148682 0.6776785326980359 0.2614134142585799 0.5216733275066003
3 0.35747305988919037 0.8818397582765837 0.1881640621790629 0.23632048344683257
