3 0.2371442383225573 0.18237796784140883 0.253791769895462 0.36475593568281767
3 0.4105686144177895 0.15746596794433254 0.12447882047253608 0.23256923209683697
3 0.4679738957036679 0.06014080016467793 0.15952625536286175 0.11375668961258328
3 0.27158740709408424 0.5518224919346212 0.16556891655084896 0.39941237686195896
3 0.3797510423590549 0.8353175172094375 0.10635083690857457 0.329364965581125
14 0.3853104602681092 0.37360367820824075 0.15952625536286183 0.33621421596607953
3 0.5120853223759745 0.24720735641648153 0.0906399178198079 0.3614934803244313
3 0.4625355006344794 0.5796296827288083 0.16315185207565416 0.3185187309152333
3 0.49577013716840895 0.7641683125447768 0.15227506193727716 0.3589655538885961
3 0.5568010151670796 0.8466931861706958 0.18248836787721318 0.30661362765860833
3 0.7779624146474107 0.8918285975544535 0.23082965738111053 0.19970618843097976
3 0.7054504803915644 0.6769548505084628 0.22357846395552608 0.4272195676561461
3 0.7991117288053659 0.5745738298571379 0.1377726750861077 0.22245752635349622
3 0.6462324007492899 0.26616680468524545 0.19215662577799256 0.5156969929103776
3 0.796694664330171 0.1343473655605403 0.14985799746208212 0.2686947311210806
