3 0.1414114816762999 0.1972695312865012 0.15381166265609708 0.3617453548129485
14 0.5313995771947526 0.06540609662033536 0.12231280444610204 0.13081219324067073
3 0.4095936241852235 0.40778376124049937 0.16040282344048332 0.5596497314556337
14 0.5222668823148764 0.3560119222184764 0.10173320942690608 0.44158099765187614
14 0.6195941765935074 0.34169424731497683 0.11999122097807725 0.4241583416540797
3 0.8128822396900902 0.5130263314949494 0.2155251647117191 0.5107402933098871
3 0.5616174969385604 0.8721435746539705 0.20188433150211665 0.255712850692059
27 0.7887523830446306 0.9534445927976672 0.1474752436602068 0.09311081440466545
18 0.08863596177582002 0.33826233334055544 0.03773963854656689 0.1980121058360339
10 0.21800732457444164 0.5829398199724218 0.20808537332411525 0.399681565789604
10 0.34395387451313797 0.6749999072887704 0.0774245029216086 0.32250055729070587
18 0.21267764881785967 0.8891536362367335 0.1724525183432545 0.22169272752653302
