3 0.3391508917824707 0.5148771886865706 0.1969580916949338 0.2792333876556324
3 0.6756209650946493 0.7243022294282949 0.15428383849436486 0.3227205545856079
3 0.5043768464821096 0.89138450236978 0.16194331983805674 0.20370304509304338
14 0.5251668672721305 0.1624534665751808 0.15537805011489236 0.3249069331503616
14 0.6318525002735529 0.24713900217565954 0.1586606849764745 0.4942780043513191
18 0.6345880293248715 0.522887982594724 0.030637925374767522 0.12130630775203696
14 0.37635408688040267 0.8044101685098288 0.11160958529379586 0.23574622072565687
18 0.41082175292701606 0.9108392875752954 0.03173213699529489 0.07324154430311669
14 0.5547105810263705 0.6487718868657056 0.14881278039172785 0.3959620988887246
3 0.6652698441559262 0.9365865121925513 0.16389795703759563 0.12653989507123653
