18 0.2301798800799467 0.9111000367440957 0.06884299355984895 0.1362591458888151
3 0.7968779104651922 0.6533649858191934 0.23828207972843546 0.2927943771724853
3 0.5638037426211236 0.30694721995243807 0.0915056985611429 0.29054497119365164
3 0.8119843910432408 0.8688396528064383 0.19018389793517498 0.26232069438712347
3 0.7177747698971305 0.4758210645526614 0.2283595018949648 0.33802944507361266
3 0.5850698549720587 0.859182161349252 0.31374767500444767 0.27087690040455387
3 0.9494122120274907 0.3084496988585353 0.062345039940687255 0.43110098322103446
3 0.875470470407284 0.3624434832128608 0.11810932197320338 0.37575899360578957
3 0.8178776394152679 0.1719479048697622 0.1557444504602058 0.3438958097395244
3 0.5897644829453168 0.056562853907134766 0.13731997834325926 0.11312570781426953
3 0.6520871683811587 0.20822197055492642 0.1368110449377369 0.41644394110985283
3 0.09009474824038982 0.1389023441190626 0.09348673524634543 0.2778046882381252
19 0.21056332815160267 0.9591004176822012 0.029609889703160842 0.07741996925500873
19 0.51517506847287 0.2251591091447193 0.046635576282478344 0.12077515203781346
3 0.9108372196313569 0.06767597240445461 0.06070027389147974 0.13535194480890922
