3 0.12430973149429547 0.9085554293969185 0.08186588958016981 0.18288914120616298
3 0.08705337584312445 0.684597634707772 0.0925468281005108 0.3121619590332477
3 0.25624475831894317 0.8390623488126201 0.24861287007586805 0.3218753023747599
14 0.36269756810730186 0.0738023080896089 0.14767113555886438 0.1476046161792178
14 0.25598396638478577 0.13694607836173203 0.13585450567786586 0.24671284849550293
14 0.23493588768956208 0.39640217657811067 0.3804095117317561 0.4981577815497601
3 0.12358349186107813 0.24149404034461563 0.1406556155287224 0.25297943340411017
3 0.26991160278901327 0.6808998223214366 0.1710921093647374 0.24644360927308392
3 0.4210337161616702 0.7134186876090023 0.20367136295156044 0.2336073692295456
3 0.7020053793862727 0.6009743132308581 0.20683172283029028 0.29943524673137534
3 0.8257688037824895 0.7441064139527168 0.1626924051606576 0.3526225891827281
18 0.41639188033293917 0.8467702347367193 0.08941188905412546 0.08714819233675501
18 0.8945557744001502 0.08584825025251652 0.05537986026725018 0.17169650050503305
