3 0.12368622710453056 0.14812120258968509 0.14448628779706366 0.29624240517937017
10 0.6047596637314883 0.10320338323977471 0.14718338126532232 0.20640676647954942
13 0.7232347828801033 0.044047370089346394 0.11896687812119316 0.08809474017869279
18 0.8840916983183656 0.09471245046072467 0.0849037121634156 0.18942490092144934
3 0.6805635752946417 0.20110181807911798 0.2270921777466146 0.353010691313775
10 0.9047269208296014 0.3804681636382133 0.018966888872902325 0.4053926940495584
3 0.35646837901436995 0.8835700024776066 0.17966816550512904 0.23285999504478674
3 0.17075384509040886 0.7820013365343098 0.16483950693176913 0.31450394057937264
3 0.1902016065060591 0.9538628023996296 0.11843138344021631 0.09227439520074071
3 0.4001238732470102 0.2736521957525058 0.20466071956128684 0.2387441533973632
