14 0.26832930776654473 0.13552473346769425 0.2161967760444896 0.2702838039453745
14 0.409455635968344 0.28007904064942774 0.13703233639081056 0.5573460095160463
18 0.264967614755697 0.5510578873144092 0.1352758855654161 0.3542826704930429
14 0.3832297558026806 0.776446015776469 0.12345827033002574 0.4471079684470621
19 0.46067783775534227 0.6564915649553329 0.03754767428094863 0.07454613589001065
11 0.10582673571181242 0.6572643288066461 0.022048327347545953 0.0789913903726979
10 0.11560907291507214 0.5973874644824999 0.012687078349726892 0.05096976600289597
11 0.4271447176434454 0.589787272302023 0.023360334495302726 0.04675740418502629
3 0.5237765485638409 0.981227205398808 0.06041088623412389 0.03754558920238401
3 0.6096568900578377 0.8936404854907837 0.12259492255795777 0.21271902901843256
14 0.6670812180545633 0.6641037990613123 0.1660372343585418 0.34032843520725303
3 0.8764011860437897 0.44346904216749755 0.13972330062977933 0.5194079038687193
