19 0.4737661911788818 0.1465394261329562 0.1956604907908401 0.2930788522659124
3 0.25679073072088315 0.9689248607241867 0.09400448160900698 0.06215027855162667
14 0.2190796305405258 0.721782887626591 0.2699896157840084 0.5235905285205088
14 0.4070885937585397 0.7778002149137199 0.1191452150625786 0.26522489654313985
14 0.3824943979887413 0.9060482688712871 0.15084440072142974 0.1879034622574259
14 0.5114772913592393 0.8431716770183876 0.08525987866863417 0.3136566459632249
3 0.6382740339946439 0.7997296681018388 0.1858228124829207 0.4005406637963225
3 0.7831065201945675 0.5971729146817539 0.1628682297644423 0.5807510665685995
3 0.47048696507624205 0.5708790671796322 0.1519374760889764 0.24921994588967453
3 0.5836202656173144 0.446269094234795 0.11367983822484562 0.2697977395869872
