3 0.603472716478202 0.6060215583908908 0.31315272698289087 0.3191390305687919
3 0.7870430347143135 0.25484410330785084 0.20916638593044304 0.36223461347487146
14 0.5181193177323737 0.16137506131361498 0.1615654701041402 0.2553826985803394
3 0.4907234566455701 0.03572412762478245 0.17378667630081737 0.0714482552495649
18 0.40375580586604387 0.12156017391941877 0.04616054207983991 0.10334621985373652
14 0.32180242177840235 0.03146255153365034 0.07597960072651773 0.06292510306730068
3 0.20550065475377716 0.200249947600815 0.20024767540218982 0.40049989520163
10 0.10111214083397752 0.5255485255968706 0.047073598336688637 0.09294792907472474
10 0.10014835252139387 0.5552579101289019 0.015319213907149801 0.22791341998553344
3 0.3983217350707279 0.4300182981782826 0.1901183236131939 0.3229027343471218
