18 0.18741645087458841 0.9469019469322036 0.1456888926818049 0.10619610613559254
18 0.0882187236048953 0.8808029456936463 0.03778961038845453 0.1175285714636814
14 0.26690886776110706 0.8771265952248943 0.17490102879704025 0.24574680955021114
3 0.2692254376789487 0.6167580102567642 0.2432398413733672 0.5511921320513324
14 0.415169342502969 0.44049766912826116 0.1563684694543075 0.3270810453930984
14 0.4313853319278601 0.7548588960894057 0.10424564630287163 0.34040656946466913
3 0.4373098555336315 0.9134271331624852 0.17104771017932036 0.17314573367502945
3 0.5554023879975518 0.7238867568125417 0.15861691728838131 0.291221239025051
3 0.6822133049521635 0.9037159037848262 0.21558751229826228 0.1925681924303475
3 0.7074007568840395 0.6663420452518279 0.1797274112427098 0.2803935782771955
14 0.5761589774886078 0.08159409727783459 0.16106177473817376 0.16269717258900804
18 0.6248504166852776 0.04668750674497776 0.09648074807803429 0.09337501348995551
