3 0.2435602270056751 0.17306583623884583 0.1826293265535655 0.34613167247769167
14 0.33408769484034967 0.2341619868308362 0.15061672792336508 0.4215329341999263
3 0.4511728295597088 0.10606612865272337 0.10858520884928416 0.21213225730544674
3 0.6137331422229648 0.11270743540784285 0.1403352699163266 0.2254148708156857
10 0.7226583386826488 0.018550236572323266 0.0752979832055596 0.03710047314464653
3 0.544036977575293 0.35706094900049884 0.17265820030239426 0.25796937379422585
3 0.5364274216349139 0.638631776141856 0.0934138591301706 0.37323228548951826
14 0.4594365783110504 0.8146460812558153 0.16811156857121157 0.3707078374883696
3 0.6966330960656265 0.5791846711330084 0.17526041460487038 0.5565415060790123
3 0.7753800054157087 0.7554426641534603 0.14598606764919586 0.4387623306489216
