14 0.3848130655513766 0.2287042049404526 0.15556231995452843 0.32058589375369817
3 0.409335179903354 0.059051036141664695 0.12337693798566074 0.11810207228332939
3 0.7081986442441667 0.5060110188591628 0.22146550063113063 0.40073230528088244
3 0.27101503449844533 0.4058279287808888 0.162459116108084 0.4023352285585271
3 0.2664171265470914 0.11355062019432406 0.18085069529471942 0.22710124038864812
3 0.5154700222675653 0.14560925084385384 0.0873600669099938 0.2912185016877077
3 0.6422954372581744 0.18968977855961067 0.18008435537833542 0.37937955711922133
3 0.8013060500519199 0.059051036141664695 0.11954534364130084 0.11810207228332939
3 0.46336048651685446 0.4290703713389473 0.160926488894096 0.3205859212698048
3 0.4978447303785337 0.6174145993970549 0.14560011151665622 0.34462982546668547
3 0.811268205871012 0.4186513425181514 0.11801276904609319 0.2035720267118369
3 0.7844470980792726 0.7536636008028633 0.23602543285462582 0.1875427389031786
3 0.5396089929707407 0.7794538123009822 0.21226968472842292 0.44109237539803553
3 0.3817478111234008 0.7095830455709997 0.10651803863179359 0.3494386503318322
