18 0.2821272380520158 0.9266495025705886 0.08222546420200065 0.14670099485882276
18 0.29670505175473294 0.9382984610263417 0.10810518644735143 0.12340307794731663
18 0.19429868865507838 0.8963758981251538 0.14950474269588188 0.20724820374969224
18 0.3508616702956169 0.04615900379433743 0.12082587036117781 0.09231800758867487
10 0.21996084169021113 0.1704511948722971 0.12899999597331052 0.3409023897445942
3 0.6169544574854351 0.8249286351685696 0.14820322879933057 0.3501427296628607
3 0.7818305668628558 0.9314386320918314 0.18112380339667725 0.13712273581633727
3 0.39290452561024825 0.540296722133936 0.2163197414849841 0.40054571570236697
3 0.17956178244533852 0.5751535819998456 0.22865890047925685 0.25484032688235086
3 0.8980244138061766 0.8541194364889279 0.11321829038425453 0.2917611270221445
3 0.8466923342243439 0.6394532640734878 0.210118996700663 0.3956994949909543
