3 0.4671052631578948 0.1653441994892687 0.1219692489651094 0.3306883989785374
3 0.543982850384388 0.27347808630461856 0.20032525133057358 0.37418636938076677
3 0.6005322294500296 0.11818434714995721 0.17740981667652278 0.23636869429991442
3 0.24940863394441165 0.13751215548574058 0.15375517445298642 0.27502431097148117
3 0.11819929036073334 0.29435211930726457 0.14562389118864574 0.36954769538017873
3 0.3325694855115317 0.23636869429991436 0.09979302188054402 0.3061524840388091
3 0.4693228858663513 0.4876302026650987 0.23728562980484916 0.45922872605821374
3 0.2338852749852159 0.8833618775169054 0.1848018923713779 0.23327624496618907
3 0.11672087522176233 0.6051432773466617 0.12640449438202245 0.2582195193660663
3 0.2697368421052632 0.7937826867039077 0.09683619160260203 0.1499837926856793
3 0.2804553518628031 0.6244710856824451 0.32229450029568296 0.2288412506956756
12 0.6600384387936132 0.9081014721867083 0.12640449438202245 0.18379705562658338
10 0.5210674157303371 0.7852784510361631 0.03326434062684807 0.07112633467568308
