3 0.25440587149176574 0.13263634713206646 0.20827914519902707 0.2652726942641329
3 0.41048841617605253 0.08169142108532011 0.1234138300227605 0.16338284217064022
14 0.38469204640667404 0.270635468744297 0.1546814896119516 0.32161984817193867
3 0.27076888425039675 0.4508732312088107 0.16101658231454558 0.4021915922286093
3 0.3804046421449368 0.7532026937511496 0.1047848098700012 0.353801754951342
3 0.4645417763826435 0.47392234154489377 0.16365617270658947 0.32106772197581207
3 0.49780093166067496 0.6630293239815797 0.14781847085603447 0.34370535475522723
3 0.5472675974870205 0.7994114916263115 0.2089426288512899 0.4011770167473768
3 0.7073348398780401 0.5580705502315936 0.22091987545967504 0.40656646056693
14 0.783610964640502 0.8008283065117985 0.2343964171836149 0.18386162371016307
3 0.8092994343987984 0.4668946262155002 0.1198385894027608 0.20898387997678106
3 0.6444636222134306 0.21193186300011185 0.18699692504838678 0.4238637260002237
14 0.5150035802168103 0.16752720383403727 0.08657940754168053 0.33505440766807454
3 0.8011403434102723 0.07973934548962044 0.126569576802131 0.1594786909792409
