10 0.18627270916505634 0.038074738269890974 0.10513172717957339 0.07614947653978195
3 0.5886037954190132 0.13366370422083199 0.10917526796249861 0.21990748803242613
3 0.6249955514065126 0.48128671636181897 0.15446272482537252 0.4144410708773254
3 0.133302508155801 0.8772398304119928 0.11726229399893563 0.24552033917601418
3 0.2521822351267305 0.7908489287978642 0.14961056473292292 0.29941261551522513
3 0.33183976087976075 0.845099449842121 0.1018969722944114 0.30980110031575786
3 0.5063582460776062 0.78160530188197 0.20547877457325156 0.33853050636815074
3 0.5303859982078934 0.8962908124072028 0.17620355354981368 0.20741837518559444
3 0.40334268819482727 0.9586820646644597 0.0734641852270412 0.08263587067108064
3 0.5936314921002 0.7752506178338447 0.1767559705975332 0.2588083661322785
