3 0.13408690743303037 0.4900817150945048 0.17253211745794264 0.39121805820381034
10 0.08515447916239535 0.6318603524668159 0.036971168026701993 0.16224934972018484
10 0.2242012990536141 0.8361380711197836 0.205996356595539 0.3277238577604329
10 0.3379810238547136 0.8898792782199706 0.06744201429742593 0.22024144356005904
3 0.4090933518554007 0.7272161603006547 0.1610350137305884 0.5455676793986903
3 0.804491800606805 0.806907550245105 0.20912213836162577 0.3861848995097902
3 0.7917037561746193 0.6342703489654087 0.1404177427847847 0.0807720067995037
3 0.5163846819287379 0.2172979762017369 0.14543266216995562 0.4195948405169024
14 0.5203966174368746 0.6746563523651605 0.10029838770341769 0.4447705309479167
14 0.6161815776936385 0.6694114168586993 0.11835209749003281 0.41749686631431787
