3 0.09750147841513904 0.5502523016730368 0.14414547604967476 0.40820331205174554
10 0.3695298639858073 0.060974034476038316 0.1530159668835009 0.12194806895207663
10 0.28304257835600244 0.3623860046492221 0.19441159077468956 0.35408544871155195
10 0.38357480780603204 0.20776353796295494 0.1145771732702543 0.20564788069273543
12 0.4467690314791356 0.14223750834082907 0.11567845964204046 0.28447501668165814
10 0.5303279720742975 0.2148624958364838 0.07478833540415152 0.2921769229875211
19 0.2120014102816082 0.7191655457083874 0.03853125858733766 0.0747891809479386
3 0.3189113793962491 0.9679683124490073 0.07956396171118943 0.06406337510198534
3 0.4393318380740044 0.8621759896918033 0.14669737133784683 0.2756480206163935
3 0.7044221301619054 0.7032984233110685 0.20153329119602797 0.3052213801970057
