3 0.0817825197017789 0.4125358421858657 0.08364343655949319 0.41502064046489656
3 0.079837331268186 0.7855119286582805 0.0979081962611742 0.34720678962843515
10 0.14046259339183037 0.8913015192000984 0.04149750907698116 0.09493937254542137
3 0.3567035312499039 0.5047626485911726 0.12125054650828866 0.3716198150433731
14 0.24420638834528313 0.8079886507835633 0.13746051690456243 0.38402269843287334
3 0.34081777005639546 0.8473207084820232 0.09855661466670511 0.30535858303595353
3 0.5823462799866762 0.7027790455382974 0.16923208381357913 0.2983808319266824
3 0.7055420149285577 0.5746108832891659 0.188683968149508 0.22921070966117918
3 0.4316801843734143 0.9212378040312038 0.11558806571588068 0.15752439193759235
3 0.6595056883178599 0.8961466661837758 0.149780021389651 0.20770666763244847
3 0.8310144860740586 0.8571266982470594 0.20065586180695144 0.2857466035058812
3 0.5387050126422919 0.9527258171985342 0.16207251547655607 0.0945483656029315
