3 0.2448484028153763 0.18812004530011325 0.1831889550622631 0.3699660249150623
3 0.5400676773145642 0.3927349943374858 0.1622144017325392 0.25122310305775764
14 0.33529236599891715 0.26487542468856173 0.1465674066053059 0.41246885617214046
3 0.4629886302111532 0.8324065685164213 0.16218733080671355 0.33518686296715744
3 0.7752301028695181 0.7906172140430351 0.14502436383324305 0.4167270668176671
3 0.6977314564158095 0.6182332955832389 0.17250676773145635 0.5517553793884484
3 0.5360747157552789 0.6786579841449604 0.09181375203031945 0.3567044167610419
3 0.6130887926367081 0.13142129105322764 0.13937736870600972 0.2628425821064553
3 0.4488471238181667 0.1271371210878234 0.1041281272516631 0.2542742421756468
10 0.731000760142117 0.030177333963474707 0.10681531282392533 0.060354667926949414
