10 0.3791036144343084 0.12989261045002956 0.027100609351159124 0.2597852209000591
3 0.6278898143106154 0.04125002529869482 0.14784350279962682 0.08250005059738964
26 0.7076489844543125 0.09945451146084021 0.13090562195515246 0.19890902292168042
3 0.8357351923908977 0.07178612813694615 0.15410795269390185 0.1435722562738923
3 0.37239647238256673 0.7385574978281512 0.18099335530952684 0.48538442027236317
18 0.5606356118808247 0.7934324210293925 0.17349229379268818 0.2682520779398878
3 0.49157663567814264 0.9156088786606503 0.20301260040734362 0.16878224267869937
3 0.6568369961344026 0.9030470246169638 0.12292062098561443 0.1939059507660723
10 0.7560000282154935 0.5663102364233561 0.27778124584938074 0.4408444526144196
3 0.9011729676595527 0.6713299954442551 0.12945380359705458 0.3659363251896962
