10 0.10462859473095998 0.05058050113622267 0.04496603930842722 0.10116100227244534
11 0.18764282114651795 0.03921098138426174 0.10969737062055875 0.07842196276852348
10 0.11288095252235505 0.1252464771113011 0.022828969425461018 0.044481410570443254
10 0.14227715972774324 0.1805211711289843 0.015323554819829987 0.02878208919263978
3 0.12692201622986193 0.3355986669585867 0.15486811700240627 0.2769298263691923
10 0.2018655091311963 0.4691697454879155 0.16926135920091886 0.2902505015616345
10 0.3040562762822395 0.9448559747002698 0.15887105794304068 0.11028805059946033
3 0.4829360148584419 0.6609186419061085 0.19660390208506878 0.36141771221183777
3 0.7548845191661793 0.6274616704285948 0.16030803219020284 0.36278948229443975
3 0.8715755674226567 0.4236204558100271 0.1504057996868426 0.5328408485891118
26 0.7720231282274158 0.4607969229641996 0.03331715193671829 0.1110115388296268
19 0.6702234658321935 0.08573142276798207 0.2166636364825732 0.17146284553596414
