10 0.2605533693746489 0.07623596438463684 0.02404132598304911 0.04434485737420117
10 0.20744389470300412 0.04737554262353051 0.0537651471984552 0.09475108524706102
3 0.4702006592297798 0.26706766951956395 0.17163344431156077 0.28749771503370486
3 0.5668922526156494 0.7293696821700073 0.10677294144656486 0.4613039743419045
3 0.851173345094578 0.8624221048947669 0.13820404148874185 0.27515579021046604
3 0.6822815268501581 0.9806495568171192 0.15091310898219737 0.03870088636576174
3 0.5057379627033023 0.9457949311495385 0.20754030637122928 0.10841013770092292
14 0.4356507807197552 0.7725638561221583 0.1630339201290921 0.43019865042189054
3 0.2460310450765397 0.7979517941076062 0.22484536331463695 0.24819895024156907
3 0.2076182862276169 0.9585015774930947 0.10618815011639379 0.08299684501381047
10 0.04738092203074539 0.6073893162515326 0.0866703311031093 0.25576730697064554
3 0.17567551932685702 0.484216641529751 0.28101697555058675 0.21686263150332094
