14 0.4657431655848127 0.17099916638604487 0.10686062931338537 0.34199833277208974
18 0.37866311538565656 0.09300360346531038 0.0982208387210742 0.18600720693062076
14 0.2987450008879018 0.16838346986516597 0.15119642591377366 0.33676693973033195
18 0.2223510304808075 0.024281895632417217 0.048428331286903326 0.048563791264834434
18 0.12015135455099735 0.023806311478105333 0.07184672699072288 0.047612622956210666
18 0.2733940321962476 0.5155860461985595 0.0986755661850676 0.18737958205903374
14 0.40435514528708627 0.4604184671701507 0.1782526288401149 0.232084361941658
3 0.39594271218205945 0.6865580402451793 0.16824866210053624 0.24112043474904507
14 0.2517945494707574 0.865512517290891 0.10549645941083009 0.268974965418218
3 0.36865915801314614 0.93851445965362 0.1514237958904826 0.12297108069275982
14 0.5198555714374951 0.8752619630641788 0.13732728197496422 0.24947607387164245
18 0.6330823790020745 0.7108127570070373 0.16006359272750614 0.32387183594733093
18 0.859081229198966 0.778583299796874 0.12414021049800764 0.234937866867529
14 0.8606727753229426 0.9230580268875611 0.18007153869608808 0.15388394622487772
10 0.7453997066598183 0.9817924936044433 0.04638206394364574 0.03641501279111328
10 0.7676812837036544 0.9826526074391457 0.06911837469618778 0.034694785121708455
19 0.1106250192907126 0.10095431739280102 0.029452384357821156 0.10509348013282373
19 0.16264026266219409 0.6428352989677215 0.05314512640874073 0.13835696631712138
