18 0.17535661583866205 0.6657655603394624 0.18035743564518777 0.36582744350777907
18 0.2573372684046565 0.9106211119151343 0.13007596873804453 0.17875777616973132
18 0.08681751106738807 0.8521089143762374 0.05356069300978302 0.2172100445827439
10 0.11141170683718639 0.9746409145289957 0.04372301470186369 0.050718170942008554
10 0.1922992840356342 0.9574927531145686 0.11586598895993876 0.0850144937708629
3 0.10430671694813352 0.026502296231966167 0.0579329944799694 0.05300459246393233
3 0.4710335027600153 0.15225547993776525 0.14647209925124338 0.3045109598755305
14 0.6656009181833088 0.15682832298161248 0.16833360660217525 0.31365664596322496
14 0.6945674154232936 0.29536527378783606 0.171612832704815 0.3521089143762375
14 0.7688965404164618 0.4291209328203678 0.14537902388369683 0.34524964981046646
3 0.8262829972126579 0.9266260625685996 0.1792643602776412 0.14674787486280075
