14 0.4187756378302908 0.16917344199327555 0.24018558951749652 0.3383468839865511
3 0.6326782677881876 0.33580947023725904 0.17953269989127268 0.46180581779025276
3 0.5271421754244391 0.5971610827803222 0.2337159686883469 0.5040956791282472
14 0.3265831800737233 0.5024317051071648 0.18519364588148512 0.40598312184026597
14 0.32051786889933576 0.4051648846465409 0.21026350988855966 0.35016042589027907
3 0.7996759801465101 0.3315804666805549 0.23048115827377172 0.3146368657055835
3 0.8012933853537977 0.0888226357594678 0.13181905192334833 0.1776452715189356
18 0.17292910232258177 0.36033760955925426 0.059035484418936454 0.10826221228514991
18 0.3035350586934048 0.14127590191144698 0.058226809579999116 0.11333689459286253
11 0.10974470305003196 0.720611415912025 0.0320370028403831 0.07278984057866739
19 0.12244903405133858 0.8107321444693079 0.03645590305351407 0.23916661904419254
11 0.13377245518031927 0.921072334892044 0.02596102215877295 0.06470199236478187
18 0.4870081309599661 0.9014306671385885 0.054131484942184754 0.10629618698116304
10 0.6604499026928347 0.7107905225343246 0.04308428181899073 0.09936388732395818
25 0.8324286160646724 0.9449036550138629 0.10674929897509944 0.11019268997227435
