10 0.1417850170211171 0.9488584621979989 0.06878596924396854 0.10228307560400211
3 0.4601997702533863 0.7430101101416324 0.16357185183409362 0.4084598656118411
3 0.5373506742110536 0.5469584867452907 0.08959259074946428 0.3600136975753954
3 0.6998076732042223 0.48123405974920047 0.17103762722328605 0.5514548690811514
3 0.778424807915411 0.6567902750870991 0.14831956946029584 0.4310021975440699
3 0.5420690814901734 0.26708922138624547 0.16589265729527644 0.2456952260901786
3 0.6215755848467523 0.0739227940046863 0.12583400332727193 0.1478455880093726
3 0.44585471444088903 0.06170591794776612 0.06201172456721927 0.12341183589553224
14 0.3359179067122072 0.1757256583429605 0.1497263099128288 0.351451316685921
3 0.24337465286794563 0.12797708054353832 0.1824130484642992 0.25595416108707664
