12 0.1276818446635015 0.9350966147953566 0.050463279276338306 0.12980677040928706
11 0.17614261490663066 0.8446420538933012 0.03844822507708337 0.08293664939541556
10 0.10645520323041702 0.5505940031800196 0.04645824134858635 0.08628759533395122
10 0.10985945567700575 0.21214558642433728 0.13496924190923285 0.4230605287342157
10 0.7044051016517499 0.10711996122142348 0.2891626261490078 0.21423992244284695
3 0.25504155423267283 0.7771819528215742 0.1177476781265676 0.44563609435685164
3 0.3765939885986043 0.7093464327968863 0.14858637086358953 0.3920639983767077
14 0.49694493144754387 0.5438920801444982 0.10413058889487815 0.4297625452450886
3 0.5466072229996655 0.8705903757848894 0.10172756613822703 0.25881924843022125
3 0.8283605984969997 0.726520243647959 0.19744763496882695 0.3560410491113964
14 0.2173077277422233 0.20834207754277922 0.16260394402672046 0.41668415508555845
