18 0.09454464813719698 0.1398314924860346 0.08648728562980483 0.2796629849720692
10 0.32148137196924903 0.10813388681534981 0.19293317563571855 0.21626777363069963
11 0.6042282672974572 0.1460163911534853 0.12270845653459499 0.2920327823069706
10 0.35918095801301014 0.4992268876665687 0.13379657007687756 0.27213554136783036
18 0.10341513897102311 0.7311605876959697 0.07465996451803665 0.23811859869685154
18 0.1998817267888824 0.4396972379923558 0.190715552927262 0.17163093802175672
10 0.5469396806623301 0.3345539606456941 0.3378178592548788 0.32006850604057313
21 0.8744086339444116 0.3476968703140268 0.0672678888231816 0.2597657440329289
19 0.4693089601883504 0.6376139953507779 0.2431992903607332 0.49015321939546713
10 0.6844322885866353 0.6097819513472498 0.17814902424600826 0.31388360737312243
10 0.12152572442341816 0.8966066270502755 0.03991720875221762 0.13297532135018988
