3 0.09881961824362183 0.43270179356822674 0.10533786560083676 0.3812952717171304
3 0.5847932464233686 0.7617435090682552 0.25101789249561096 0.3312766967381208
3 0.786504052893056 0.8738428290310761 0.19722834410369433 0.25231434193784763
3 0.6626604805010841 0.2929441659732796 0.15056712685409424 0.36254304523923875
3 0.8344792546613868 0.3218492272318605 0.25816412337678923 0.401619426191184
19 0.27949793646806625 0.14451870050526736 0.19883850830802266 0.28845857539055764
27 0.8006472525979644 0.06521559434193401 0.19563143559337723 0.13043118868386802
10 0.14031098065245043 0.07125309940824799 0.09877783961108222 0.14250619881649598
10 0.19771758224460534 0.20221041558337882 0.0686313560934143 0.15965846730919242
3 0.5424778990689995 0.9066700475368035 0.11673744681309713 0.18665990492639328
