14 0.6575250582590139 0.886397172879901 0.16163208643628504 0.22720565424019798
14 0.7066006395213128 0.614984536490229 0.1806762522160431 0.2808913997084439
3 0.8025543908510058 0.39486773501274336 0.19483749726074284 0.3084697551945613
3 0.8489442446288616 0.08895144636062496 0.15674892354090478 0.17466335707544667
3 0.6863355256135004 0.24390859341944612 0.1626087190153613 0.48781718683889225
3 0.6108909131482119 0.1425761305935327 0.17872303548995538 0.28395563047422795
3 0.40944663948635046 0.14675761709433538 0.20825703538915777 0.29064108028615077
3 0.3728209783335766 0.17767689291662747 0.183620907133409 0.35247963193073495
3 0.2662288673610962 0.05328130226246316 0.08671901768520479 0.10656260452492632
18 0.11733363773190747 0.42129986081208665 0.03404270321788982 0.09215174034023822
