10 0.6508758060925905 0.022624777895760225 0.030225181824826423 0.04524955579152045
3 0.6165447330495453 0.21699960793967898 0.15070192532490495 0.36414434987117245
3 0.6613384131276253 0.6974706772165544 0.14413813758146587 0.416581468286276
3 0.5217472199493601 0.754061082154987 0.09775930466881765 0.3433468266012456
3 0.4258066930418229 0.7983270787471525 0.10958136011713973 0.40334584250569494
14 0.3395483253148644 0.42020791959738646 0.13813516596357353 0.2683751924731206
14 0.31498462442139 0.7071866515933622 0.11165009015138015 0.2947857180304164
3 0.2863399166918303 0.9156628051348759 0.18506063721027338 0.16867438973024823
3 0.5983914042642046 0.9355070616284874 0.18875317629381388 0.128985876743025
3 0.7504425740564437 0.9484097151127722 0.12028388685390105 0.10318056977445572
