14 0.28101984347124864 0.14646440585895903 0.16188249009405462 0.29292881171791807
3 0.5156584905051635 0.15930513230743756 0.1905302328996603 0.3186102646148751
3 0.7282429741849373 0.699076428787983 0.11277207385587366 0.32815206721159956
3 0.6195634256485099 0.8840602015732244 0.25328244183407866 0.23187959685355114
3 0.36105163983500155 0.9368076389337018 0.1632466599966098 0.12638472213259647
10 0.2283853237330373 0.9268204010832581 0.12482232042813456 0.1463591978334839
12 0.11845528716005331 0.8515006734721127 0.09003576310333175 0.2040249882731417
14 0.24443208655731324 0.43008754647167413 0.09321572121026724 0.3495280392234147
19 0.1686943030730101 0.4951739985314046 0.060378362064644794 0.14180534124827895
3 0.9150728227847964 0.3634355316147918 0.08134487392902087 0.34615243621755715
