18 0.39624351539434516 0.10680764510359311 0.09593499681980924 0.21361529020718623
11 0.49552508234567894 0.10058530946165331 0.14873645482905748 0.20117061892330662
3 0.2965900755437528 0.4562864656936477 0.1554295950921067 0.32356158155708353
10 0.24304498407812422 0.7168469389311574 0.05577617566735732 0.10422418074992298
3 0.32299080454837703 0.9257025016325996 0.10560287516681048 0.14859499673480084
3 0.46354675007240925 0.876701589759959 0.19781951065920875 0.24659682048008183
3 0.5449799906492458 0.8611457399737584 0.09890977575544749 0.2777085200524831
3 0.6952037940944362 0.8362563974059992 0.14948011892420254 0.3274872051880014
10 0.6096803397167733 0.4967316900916611 0.08403612618737304 0.18044781906706345
11 0.655416804989557 0.5519549269248902 0.04462090785253689 0.3344506635898025
10 0.6989222166993765 0.4656199798379087 0.05131404811558611 0.10889090577800006
19 0.8212579629496527 0.3753960809857281 0.17550901588125425 0.3266727600594045
10 0.7799836252286403 0.13558592875520037 0.11973281978805363 0.27117185751040074
3 0.8395588777464895 0.9665374579531141 0.09309815302920359 0.06692508409377176
