3 0.43112863148546376 0.3180415865823366 0.14100290757023082 0.3784784350654474
3 0.5346394379204967 0.216567408489292 0.14263299284081007 0.42621444862940927
3 0.6092161328644352 0.2020760841655101 0.05542306709394492 0.1380934573579523
14 0.5941378021380146 0.0631049603982822 0.18012512195838298 0.1262099207965644
3 0.7848585063375377 0.09720210458230505 0.12307185766435905 0.1944042091646101
3 0.8553599321402782 0.16371679695848443 0.15159854577612095 0.32392298681151604
3 0.752664168340535 0.3555133354239995 0.26081465065818127 0.33926664901584175
3 0.7343256670729557 0.6137992523698746 0.41159818178138746 0.3171035813873713
3 0.5004075073264572 0.7919569214554506 0.2616296653110958 0.24720444166328936
3 0.7310654405670473 0.8520783773477573 0.11166126077030418 0.2958432453044854
10 0.8884192079692934 0.8747088534046843 0.11476658641839638 0.2224293564624847
13 0.4287155461937267 0.9518931911917483 0.1227468407158055 0.09621361761650336
