3 0.47592556984361706 0.24719320694248828 0.11606654830391491 0.49438641388497656
3 0.4967990653458622 0.7429859847099269 0.1783060575515724 0.5140280305801461
3 0.7712172531077607 0.9082128225658365 0.21960722518140374 0.183574354868327
3 0.714482022731449 0.7277613734586692 0.3235727357384651 0.35458198684770714
3 0.8042638195350925 0.5481352571898481 0.2386953213324384 0.298898844866185
3 0.8493287685273269 0.25207677134678924 0.21533654074839015 0.4988030568336146
3 0.6395633196308783 0.07086846740292625 0.17078318107221693 0.1417369348058525
26 0.5867837651076719 0.5704511899658782 0.12485382709747334 0.1758556826570601
3 0.6522424441102455 0.9414222427095742 0.13884379440715877 0.11715551458085174
3 0.5842723335846622 0.859792716289164 0.05437609107877179 0.2752403302208551
