3 0.4543993700535622 0.5298580808359353 0.10385998108936258 0.33043927349422236
3 0.5438736959695899 0.721700280608993 0.16670982135087242 0.30709023856757045
3 0.5832335802555724 0.8572508671056769 0.1681235967408295 0.2854982657886463
14 0.6502455824175964 0.9596888621955533 0.1415373334299747 0.08062227560889351
14 0.8064367413784437 0.9065413180568987 0.162584562169429 0.18691736388620256
3 0.8597013853810156 0.8852226428835379 0.12351573990544616 0.229554714232924
18 0.857255874517077 0.04052764242254021 0.07595367947223217 0.08105528484508041
3 0.3605384271211593 0.8005871824373876 0.1886231259285075 0.3756822666072098
14 0.322210695900236 0.9770524860772732 0.15945738565970413 0.04589502784545357
14 0.45117352372995745 0.9152704452551989 0.11893132718175317 0.16945910948960233
18 0.10532813270964053 0.9685623469578329 0.0453661911352 0.06287530608433413
