3 0.19650992285259833 0.19940348562547358 0.13103834323090233 0.39880697125094716
11 0.10963635700629763 0.22825765932073352 0.06988710172691849 0.15126098373061952
18 0.2767680469861731 0.40449827570783264 0.05848191015004244 0.18171622667569223
19 0.32578607190412945 0.4014527232983712 0.025965007491420704 0.05481940663027185
14 0.3909412249054649 0.5709868297928901 0.18927753357460067 0.2812032922878784
19 0.40579524638211195 0.7548961755620741 0.07755515111057505 0.10956871234544056
18 0.40169301326700946 0.8215927519363565 0.01638848216418563 0.048052697287549136
18 0.1196959768086572 0.9454321700146513 0.10046268582167027 0.10913565997069749
3 0.32839997864495934 0.031131678461400327 0.13152361177646968 0.062263356922800654
3 0.41263180468222793 0.2470546461032416 0.1392888860319497 0.3756145351939846
10 0.4230663125390089 0.04224322419839469 0.049018037137036466 0.06243319180749081
14 0.5381228459145477 0.12182208588352171 0.16075148359419641 0.24364417176704342
14 0.6823785327042191 0.17161179642598087 0.17423244911448896 0.3319620177501421
3 0.7055920761175369 0.4158195161364057 0.18102699077355366 0.332469633247514
3 0.5710633660740094 0.3791409644582753 0.08153493979565833 0.36038688816239917
14 0.6002287680527644 0.7066050407655708 0.18272566284556013 0.3421137781780245
