3 0.38025562637940197 0.3382239833683639 0.13468122738808622 0.6764479667367278
3 0.4782655647440834 0.3638371629189281 0.10527041759934537 0.3675739275695254
3 0.5880949170899255 0.2131276981762942 0.1119015995517848 0.4262553963525884
3 0.6921220023022155 0.15461062665472894 0.11438830985878207 0.3092212533094579
3 0.7764626479922762 0.11993383294832405 0.09988255665073958 0.2398676658966481
3 0.8690923280389946 0.04147762171303611 0.08289007036925636 0.08295524342607222
3 0.7617496746169278 0.45573063290598087 0.15003106652663678 0.5201517627321294
3 0.8786246833994856 0.4201869288811787 0.14174205493642242 0.3918476784018775
3 0.5601195342768116 0.6958673745583228 0.20349519014519687 0.35890470533226687
27 0.5000672960659999 0.06600641816013296 0.0430420899518351 0.11596908371852001
