3 0.37429968804127417 0.6129533364544331 0.18146775953467426 0.4086833455598052
14 0.22080822510767084 0.7258789918593642 0.1781408403554221 0.409315969792294
3 0.32152281672462185 0.8356414623902607 0.15938917775886646 0.23913667453849077
3 0.23260362429943515 0.9504015481400074 0.10978796741017988 0.09919690371998513
14 0.4107444798842383 0.9475546913101145 0.1146271641146765 0.10489061737977105
3 0.5580357724875297 0.9330039835491232 0.11220758099180923 0.13399203290175363
3 0.7036636664187186 0.8754340475119043 0.16997478538919703 0.24913190497619123
3 0.7636992261864495 0.9589420867738911 0.20959523820012693 0.0821158264522179
3 0.8671358868900786 0.9453404268569157 0.07591395598384587 0.10931914628616868
12 0.8239396328180537 0.15035243864889436 0.06290885660693331 0.11577252816272172
