3 0.41143205197617755 0.11545300113250283 0.1745262587980509 0.21783691959229898
14 0.6814943151055765 0.34062287655719137 0.1260205739036275 0.24407701019252545
3 0.10874238510357806 0.5617859066926136 0.09604459695323084 0.4264395116430854
3 0.3143367623172712 0.7150113250283125 0.21925284244721166 0.27828992072480185
3 0.23011369788846778 0.46177236693091733 0.22760151597184625 0.19280860702151756
3 0.0878532755820249 0.1784597961494904 0.0741472658364916 0.3202038505096263
3 0.5434786139685976 0.0615118912797282 0.11480779642663777 0.1230237825594564
3 0.43134029874173535 0.3171636241516953 0.1698045135073252 0.2553012007382716
3 0.4768248609739397 0.6135673839184598 0.15919272526381512 0.3363080407701019
3 0.24033297238765564 0.06617214043035108 0.17568489442338928 0.13234428086070216
3 0.1334813210611803 0.11630541540380675 0.07127233351380619 0.2326108308076135
3 0.24827828911748784 0.2332955832389581 0.20262046561992425 0.29873159682899203
18 0.29725066301387004 0.9327574514839146 0.12452018739614445 0.1344850970321708
