18 0.17453229482950472 0.2269034006325522 0.07381861501633802 0.12334956905656988
3 0.45996022972929884 0.13435466907472504 0.14014819008512402 0.2687093381494501
14 0.5900801270779821 0.34860907024178595 0.13418214474177578 0.27993834814047325
3 0.6213049762959891 0.04679491318211174 0.1166152228218554 0.09358982636422349
3 0.7071061025083274 0.13477759586501475 0.19324513713603492 0.2695551917300295
3 0.7957442721696946 0.1411736781904146 0.17000092147702991 0.2823473563808292
3 0.9012324190140002 0.05307175313113508 0.04927013822284186 0.10614350626227016
3 0.8545598075708627 0.27068224756320963 0.17174864126719094 0.35693177888852384
14 0.7910163488972994 0.671061231993759 0.056694300841638116 0.09760253004949113
10 0.4226570783870282 0.8277321126595419 0.02221876319852126 0.05828511697299938
