14 0.6163455430769316 0.7459658737967623 0.2261290937337224 0.46509143049273177
10 0.29560980719908164 0.06299546998867497 0.13483344461645505 0.12599093997734995
14 0.8980308139649196 0.46513181824354244 0.11332205023628197 0.35431547920253953
3 0.8158203798804452 0.9222715844737862 0.10117193500723834 0.15545683105242764
10 0.5678567033502977 0.1201490868878418 0.34836718160184926 0.2402981737756836
3 0.7491545581724938 0.5038328268103014 0.14187165018364478 0.360101129969731
3 0.5802577904409177 0.37045300113250285 0.2080846117426909 0.2525934314835787
11 0.439326023913206 0.9368621113562153 0.12469551563092793 0.12627577728756936
10 0.7795074855216325 0.0855350737655238 0.0992880571315867 0.1710701475310476
3 0.6583320357383183 0.9474846772714676 0.10038152926499429 0.10503064545706493
