3 0.3180677554827122 0.8058953328487134 0.16087708153092858 0.33817535921763553
3 0.17406777391836428 0.8322593431483578 0.18254810874631164 0.23054360135900331
3 0.691391445587439 0.862202718006795 0.13617758527341634 0.27559456398640997
3 0.43348402815376286 0.9198280296248552 0.19364916080129943 0.16034394075028965
3 0.4808743909041689 0.5196206115515288 0.17047644829453162 0.27878822197055486
3 0.811933497426304 0.9362431411840765 0.1406268195200425 0.12751371763184693
14 0.2726639027053231 0.608052095130238 0.18204631478426453 0.24901472253680634
3 0.7680042921519425 0.2877484591034259 0.18863827245463227 0.34303938706302395
3 0.38287279528553114 0.8748095764982913 0.13580985870442652 0.220123209999272
3 0.559567820877416 0.679227129775965 0.2609540216990815 0.5205616452685486
