18 0.10858954683977222 0.22719320975729168 0.1337965700768776 0.45438641951458336
10 0.10730237186664976 0.5779610237533515 0.04399568181369282 0.08683531956480105
19 0.1284965647734356 0.9492547806608895 0.04912704487266665 0.10149043867822084
17 0.7271901362375296 0.12360520257777817 0.34964518036664705 0.24721040515555634
3 0.21619713212428587 0.2247519033243464 0.16171831241321907 0.4403679534069336
14 0.25589159109661247 0.7925824124539594 0.11526105175633065 0.4148351750920813
3 0.37703330875887836 0.7358493963928724 0.15054504719194214 0.40223562508274496
14 0.4969989111863254 0.5753241716770962 0.10467581723291097 0.43052732833036544
3 0.5437501871921424 0.8823780975081434 0.09938325381030556 0.23524380498371333
3 0.8283744349857761 0.7573757262088603 0.1993545383184684 0.3567226590256049
