3 0.43273211117681853 0.49226887666568664 0.1463630987581313 0.3757325940476293
3 0.5324472100937573 0.3977861779737241 0.1420836992684287 0.41316797407901273
3 0.5628326434062686 0.26155541327646936 0.13749260792430515 0.3238129314276567
3 0.7926482745526574 0.17152909815671938 0.14472883769194986 0.34305819631343876
3 0.858515671200473 0.34145081749827383 0.1670609107037256 0.32482948833776587
3 0.7501438393072405 0.5229692218412981 0.2507472119827989 0.3421639476999343
3 0.7280455351862803 0.7682699797006737 0.4028681253696037 0.3339845280423372
3 0.5006612846058804 0.9104208091870023 0.2618353255250815 0.1791583816259954
3 0.7250107819447331 0.9266561681890603 0.10111559109230456 0.1466876636218794
3 0.6229592516851711 0.16557075603516003 0.11326849173283124 0.27305464075132846
10 0.8772249678130102 0.9568154320965688 0.09921034559577772 0.0863691358068623
