3 0.4599854110769193 0.4757704338443057 0.1415275950395987 0.38505571136769096
3 0.6006483058339345 0.3490603517485525 0.17069620673918764 0.3197689551022428
3 0.4512897772267368 0.11001267988326577 0.07921114232953055 0.194009123832757
3 0.7045314293930669 0.5114176735066089 0.19193280576645516 0.39248361898472445
3 0.809369967521295 0.5229481130834673 0.16991609868084442 0.33614866493954454
3 0.8564676576498564 0.6879428504868677 0.18558635514370875 0.3625845802377158
3 0.8726577372741354 0.33695795298803566 0.16586988227363103 0.34232056906872654
3 0.833296240618983 0.09313479324062938 0.17069621832384577 0.18626958648125877
14 0.6339295746844739 0.16772981217710584 0.15222203663183637 0.30676199590221187
18 0.2740838381957429 0.26272759112283117 0.07554160920133524 0.162777080720231
18 0.17661246797231633 0.615682129523535 0.07402319648043888 0.1156643601037852
14 0.5868426033203173 0.7630789372586927 0.13109064136675158 0.28402043530298493
