3 0.7946538583291232 0.04733407207703623 0.12434324998942244 0.09466814415407246
14 0.7881581643693079 0.3152567279493232 0.2110261352553315 0.36668878314843006
3 0.6029445715711472 0.665251761201896 0.3143636489359087 0.3166947840606751
3 0.3987757072188746 0.4892637707699415 0.1908674947827514 0.32366674652608646
14 0.5173741090744517 0.22035582724988487 0.1627348799273007 0.24768792412990756
3 0.49220062662434105 0.06291899954616795 0.177985302567066 0.1258379990923359
18 0.4033713439613298 0.17643598953711767 0.04705651794224014 0.10352963125808838
14 0.32289903369075956 0.05946610886839535 0.10336903637381119 0.1189322177367907
3 0.2063903973255431 0.2550686522819908 0.20341857770220684 0.40958446377706836
10 0.10149476178967688 0.5776259460866495 0.04754411590204095 0.09332966539459317
10 0.10292347304997845 0.6072058333945466 0.017242552688793565 0.2289891668663032
10 0.11156090461402213 0.3427639476446742 0.0283965921459038 0.13345774269858163
10 0.09655766094823946 0.3088192448419483 0.0165314568821117 0.05142273707330821
