14 0.7930862542105609 0.22916390901141878 0.3653191902928914 0.45832781802283756
3 0.5450474698703833 0.18431750863587676 0.12160122990806022 0.3686350172717535
3 0.42767002947767596 0.1334194898791279 0.1879952641471869 0.2668389797582558
3 0.30781886317275914 0.02307685528186495 0.07436390255177466 0.0461537105637299
14 0.346706017051065 0.3746577651859439 0.16584477269516454 0.2637413029108079
18 0.5188243599419948 0.3677716563256665 0.2109977430434326 0.2768095660269397
3 0.18900959270368636 0.7214152635667118 0.17720402694664567 0.3207664365516831
14 0.36422715555665025 0.653994169118849 0.17095643043519848 0.23522869620919645
11 0.3203721969274097 0.7608417156253938 0.06168547164456389 0.06323978150555097
3 0.4223659444851437 0.8123591133155561 0.1195559207737629 0.19186581589090965
3 0.451459738914354 0.8919942065252635 0.22235695916272746 0.2160115869494729
3 0.6726689091288391 0.8238500240968047 0.28622801451536917 0.3522999518063904
3 0.7005553478808239 0.6513586087116463 0.35838375379581894 0.49065387700198265
