18 0.11730232604067686 0.5032979780061568 0.03666817875110225 0.09038165652362226
3 0.27744859356515694 0.0957550663100815 0.11296915390487669 0.191510132620163
3 0.4094380641989159 0.25239387991455897 0.2074943643150796 0.2809091706850348
3 0.3777375363174454 0.22234503593209287 0.1948141531624914 0.44469007186418574
3 0.6184440249975914 0.19070301058820827 0.19539052639669993 0.38140602117641653
3 0.7856343832774159 0.05354414577449547 0.08582266100328284 0.10708829154899094
3 0.8515776475116887 0.1541754919225418 0.1675526073905565 0.2214217611105323
3 0.6857460613719831 0.32424263615194066 0.16132244878565422 0.5082353743421678
3 0.8012945024500514 0.49606966698860017 0.1954673842648264 0.31777649678827996
3 0.7064330151339795 0.7078160350838849 0.18269180312580008 0.28705116963995075
14 0.6531125005007518 0.9256708099519302 0.15847451759517078 0.14865838009613966
