9 0.6434166352752995 0.038919030144417166 0.06605684694885611 0.07783806028883433
3 0.3283544813405021 0.19867415336070773 0.04344060686579743 0.09339011348072596
3 0.47156494485015116 0.276916448331398 0.10699260579909377 0.3727191015492037
3 0.673537145273647 0.34694311343446266 0.16097088890761743 0.5535704014690025
3 0.7049128270098776 0.8033037900514561 0.23900084522554735 0.3933924198970876
3 0.8671691392911255 0.9616565561644019 0.08969680862104476 0.07668688767119619
3 0.6214079282262899 0.9149614994240389 0.1572710859678407 0.17007700115192217
3 0.47255415771793147 0.7277161980579292 0.1902062401506073 0.26066706380916344
3 0.4108326261210613 0.9381982922834802 0.11983260598815218 0.12360341543303975
3 0.28910065606105084 0.8670462195929778 0.13468217964086263 0.2659075608140443
3 0.29790679857603036 0.9483112772344146 0.15851056526963064 0.10337744553117093
14 0.3796960022018608 0.5414575623469488 0.17568310358738365 0.24400789055820216
