3 0.2424984341225298 0.1405403113215774 0.18324300136716015 0.2810806226431548
14 0.33662488081652514 0.18870798837953057 0.15276437086044156 0.37741597675906113
3 0.4488694425713488 0.07472491496043226 0.07219051191739473 0.14944982992086453
3 0.6165628745496221 0.0846090644699436 0.13492771533112416 0.1692181289398872
14 0.5417204500266687 0.2886448407541104 0.16894151402380986 0.24929262659367918
14 0.5363885413001949 0.5691348103456993 0.09058740604759372 0.36338192910457223
14 0.4603021134411046 0.7640808889328196 0.1629036525189444 0.41035065553041267
14 0.34993066466488204 0.8353794571666394 0.04666397165423312 0.10202299444038342
0 0.14090907256996932 0.9588583799989644 0.06428472563229273 0.08228324000207131
3 0.7003322294618688 0.5051237464027638 0.17124349746933526 0.5504578249630623
14 0.777152795886143 0.6816373130966765 0.15016735120262803 0.4347330836950889
11 0.641755468633572 0.7967449792248094 0.020783386652324785 0.07714981816902357
