18 0.5172146456676453 0.0693984159794754 0.20431527962862425 0.1387968319589508
18 0.3452548379387791 0.7836351170316987 0.07193736027942896 0.1436027883999943
11 0.3225896201427527 0.3998927372996942 0.06996646610943438 0.10031581247091213
3 0.6824406382861387 0.5139505381599391 0.3015456351487665 0.4988306902320106
3 0.7060913520363455 0.25628999575111455 0.3639570232296161 0.49470818315882037
3 0.7042847397715035 0.05600191945421888 0.16194116900183564 0.1064996795611851
14 0.3643067416116181 0.2834302151830962 0.1731095204292881 0.23567343339262353
3 0.18709119980637182 0.3363365105779798 0.17672284269733937 0.31675062396881065
3 0.4232691626333442 0.442149135441503 0.12088105298062146 0.2026929168113948
3 0.44938342079226923 0.6104873070181993 0.23420702793265813 0.39233105326302053
3 0.39896156560844476 0.9194731860996137 0.15372915882937518 0.1610536278007726
3 0.3434285689051589 0.06722385163659092 0.15259138893000784 0.13444770327318184
