3 0.409225771521386 0.749105322763307 0.20622631293990254 0.30776896942242354
3 0.4735165132647537 0.18133635334088336 0.19275040606388733 0.30219705549263876
3 0.8561992420140769 0.5435447338618347 0.19401191120736325 0.24534541336353338
3 0.6805630752571737 0.7488448471121179 0.15873308067135888 0.47592298980747455
3 0.6179561451001624 0.5421121177802946 0.20047103410936654 0.5110645526613817
3 0.7960747157552788 0.8716364665911664 0.1780725500812127 0.2567270668176671
3 0.283938819707634 0.33326727066817663 0.12602598808879265 0.23079275198187998
14 0.38025988088792634 0.07368063420158551 0.18375744450460205 0.14736126840317101
3 0.6644748240389821 0.046879954699886754 0.1271521386031403 0.09375990939977351
3 0.2804033567948024 0.5065345413363533 0.12357877639415268 0.19531143827859568
3 0.7193845744522006 0.2906574297147477 0.2497123579558317 0.478486234425696
3 0.3844601046887232 0.6023407326674484 0.21234667048932732 0.5413948188455142
