10 0.38872777469765346 0.18620085377039516 0.047426066364528466 0.3724017075407903
3 0.6766963803201665 0.10502958174148574 0.25818169801506036 0.2100591634829715
26 0.7063320838593017 0.22360710637612888 0.12751804578625758 0.17866600662788765
3 0.8402724004622056 0.13199474209503417 0.16841092953934583 0.26398948419006835
3 0.3706959935504153 0.8088229111950599 0.18171926448857578 0.38235417760988033
3 0.4453436541292777 0.9728109739356706 0.0677515233778977 0.0543780521286588
18 0.5590237669823376 0.8860150715348453 0.1732503240663385 0.22796985693030955
3 0.6408608548521274 0.9598397972967136 0.0909806171074627 0.08032040540657268
10 0.7539159711462016 0.707544402896548 0.276329427491283 0.4332524126727246
3 0.8998092318306145 0.7907314911956579 0.11614546864782471 0.3451847493490634
