3 0.4299051302193486 0.6921224091234739 0.1389812073237053 0.371605186067772
3 0.49516587104961013 0.9339066482070096 0.26950268898422847 0.13218670358598078
3 0.6607347876004592 0.9490742068220207 0.1003081757205873 0.10185158635595849
3 0.7779624146474107 0.8681805608752948 0.21149314157955165 0.26363887824941035
3 0.8462444860716659 0.6997061884309795 0.20303341591636956 0.3867727446827832
18 0.15435978004713277 0.5682540137675499 0.0640522085926642 0.15925936545761674
18 0.4154027433681793 0.25984698859565747 0.13656414284851046 0.21487374704599072
18 0.5060426611879871 0.25226320928815194 0.06646927306785905 0.25532057001935354
10 0.631125747779322 0.17479418853390327 0.21270167381714902 0.34958837706780654
10 0.5622394102362681 0.5910053516900666 0.043507160553507805 0.09858913099757217
10 0.19665840836304307 0.8466931861706958 0.22357846395552594 0.30661362765860833
