3 0.28291880819801984 0.14404918659268956 0.12632643186991274 0.21802711001141592
3 0.2786808690491069 0.32528902468680354 0.12229774427292024 0.19018105766916457
3 0.3773381417487477 0.40592333103600414 0.193333725594285 0.5317255853712478
3 0.40949335686984567 0.5484641623711874 0.2074204973304698 0.2633389265653264
3 0.6207131296804271 0.35364469894053896 0.2038951861951913 0.5317330713571176
3 0.6808076557725662 0.5685011976209199 0.15890903385433447 0.48288630449647374
3 0.7997480783716336 0.7300072412273247 0.18824436586767562 0.32525666871473463
3 0.7038691632500993 0.8911985745872127 0.18465207217343657 0.2176028508255745
3 0.8559668492896416 0.37364928303126355 0.18914868643870372 0.2430894424786901
3 0.715035218173083 0.17423952409104518 0.2537244532972196 0.34847904818209036
3 0.47282751530171335 0.0823937981229355 0.19107678537748798 0.164787596245871
10 0.11970041231876727 0.7157237010922815 0.036606322974612894 0.0929514283752407
