3 0.18279617136613222 0.7063603937246417 0.14555555573596526 0.2462317200159719
3 0.13088861911447575 0.06104092544180545 0.10770696909919177 0.1220818508836109
3 0.5155057055589157 0.4084228191708141 0.19252966988391304 0.23242789124864138
3 0.636263389848543 0.2850651741146416 0.16862951897670586 0.31312823223269526
14 0.5073463299544598 0.1562084806931347 0.09109488538058498 0.19563581589267787
11 0.6826557393356149 0.10435392341128578 0.05980554953815755 0.15016526203575625
3 0.8411998967702013 0.10914321230220446 0.12481602280460573 0.21828642460440892
10 0.8650424418243697 0.8992330475570494 0.07148716242187438 0.2015339048859013
10 0.6298294749285062 0.8897731964974771 0.12128869197054369 0.22045360700504557
11 0.5010232854959566 0.8871918230925792 0.17120602874606655 0.22561635381484174
