3 0.8136124441806492 0.06439418881670138 0.1562313764352765 0.12878837763340276
3 0.8668204670939369 0.13136254818427195 0.16654692025924747 0.2503114775951221
3 0.7995848585448333 0.3074837682447573 0.3010181373574547 0.2206353745812674
3 0.5454457052879225 0.4463133905412918 0.21527731544621254 0.22579643597498128
3 0.5972603027019106 0.6056611610722071 0.17950056961274463 0.2219256399296959
3 0.7629593166825234 0.5386003315717945 0.22206256034566332 0.18579821017369882
3 0.8934177428830449 0.5309202796970172 0.0962271094831209 0.22966723202026665
3 0.8640225954478172 0.8448645838369628 0.09997905145746576 0.3102708323260742
3 0.7236891839252407 0.7810445913506745 0.265241391523987 0.2748265192152631
3 0.7097339106101352 0.9443149671099272 0.09409956147355185 0.11137006578014556
10 0.643191382485527 0.9475236200640705 0.051142693059584875 0.104952759871859
25 0.39948292678837233 0.7555421289479439 0.05718225262723651 0.15185869414839176
25 0.4223482756239923 0.5962236945043693 0.02903979186692073 0.037831460099596884
19 0.10278253999358987 0.6280334040288142 0.03903849305992313 0.24007479529346917
10 0.7246897635123353 0.12411605029943629 0.042589403969680875 0.0800566991717126
3 0.5412201409751985 0.6553930121857117 0.09048419362369631 0.1702467644366287
