3 0.5391780011827321 0.06561270847662636 0.11088113542282671 0.1312254169532527
3 0.18694559432288593 0.506286738532488 0.18554109994086343 0.32295727564422394
3 0.40366924707606794 0.03159576580564754 0.08886075426547185 0.06319153161129508
3 0.4511343774503511 0.7767130612201161 0.23786899144712434 0.4067793956814877
3 0.6806583277756024 0.6876421488621729 0.30397015698575564 0.5168873350554164
3 0.7057134621745046 0.42964677765774845 0.363262608471807 0.4947918933960553
14 0.3458752217622709 0.15519189928962407 0.16927853341218219 0.282959114035869
14 0.3631686766815752 0.44433591199294387 0.17608724746476223 0.2365723740299889
3 0.42267488602515896 0.6020508280129363 0.12329181817687 0.21492522869391148
10 0.5262996072132977 0.1530718260442421 0.19700647011158653 0.294058843886046
10 0.34026137928997 0.9305217298562171 0.05631934668321791 0.138956540287566
3 0.7718806769059036 0.1313272568182899 0.3255467479031544 0.2626545136365798
11 0.32298416290062976 0.5564943296572513 0.06806823504692755 0.0851172152588915
