14 0.3391508917824707 0.47940081566474846 0.13787066418645366 0.2632117998393257
14 0.614892220155378 0.2779865688311775 0.14881278039172785 0.35934132673716623
14 0.31398402451034024 0.7712225937474791 0.10942116205274106 0.2975437737314118
3 0.2855345223766276 0.9439756524902856 0.17945070576649524 0.11204869501942862
3 0.4239522923733449 0.8283913403869295 0.09957325746799432 0.34321731922614074
3 0.5968377284166758 0.9657192359552734 0.17616807090491313 0.06856152808945322
14 0.6597548965970018 0.7586342033203809 0.14224751066856334 0.4188500814834487
14 0.5235255498413394 0.8101321641585099 0.09300798774482988 0.3433197389208596
3 0.7352554984133932 0.9748744289931629 0.07002954371375424 0.05025114201367398
10 0.6456491657634642 0.056957585312970155 0.046766713248654106 0.11218074976238451
