3 0.24770842827223843 0.14727476458947203 0.1873945656925428 0.29454952917894406
10 0.19102157215024423 0.31267857394800225 0.14991565255403416 0.3145634254523063
14 0.4929610661223538 0.7414059840270802 0.13070770957054853 0.26654595552344956
14 0.25660967014263425 0.7134774555990716 0.19582732114870718 0.4380369195550807
18 0.11489252983764876 0.7026980235742263 0.16818662270905715 0.3204431156476764
27 0.6961596160706855 0.9083282923897349 0.23095713968465478 0.18334341522053016
3 0.6981307892783198 0.5302370253739143 0.1620654277086589 0.38020902744066537
3 0.7991833500848954 0.8295945190886084 0.17223423885900632 0.3408109618227832
3 0.8586073402447371 0.659853739274141 0.14998996446762153 0.34963277698215034
14 0.8478029783974932 0.3288325930058695 0.18685190488763037 0.429396908613059
