10 0.10289778826594016 0.6723433838446347 0.04759822948961115 0.09093918443053853
11 0.10274875924208154 0.6970381185519706 0.01660542037242898 0.22342822742406793
3 0.2066026162847478 0.363455948596353 0.20500965926773002 0.40373870282423396
14 0.33153764398315594 0.10991525699477654 0.11993250648852971 0.21983051398955308
18 0.4036845550169552 0.2735316724783407 0.04909739740134477 0.10426653005575243
3 0.4922446028084322 0.13192790145355907 0.17949135823380458 0.21641268737607822
3 0.564727188252914 0.052644361121521675 0.2772873555689393 0.10528872224304335
14 0.5183108071714477 0.3262032494148804 0.1626584659997332 0.2289159263108199
3 0.3980035001267427 0.5951010869976081 0.18964328253312498 0.31671928793275467
3 0.6026882839844419 0.7734566804853359 0.312948908244813 0.31907123578446484
14 0.7881449989076635 0.42544230545603656 0.2128802307566358 0.36140500519113034
14 0.7982485509015091 0.0970054132518879 0.13357498013749303 0.1940108265037758
