14 0.22596531335039574 0.11515791528342567 0.11132550043380318 0.23031583056685134
3 0.7806527194912757 0.8981895161229758 0.11388282350062924 0.2036209677540484
3 0.6723707962752266 0.1880621960930461 0.20636668564457666 0.20809051277443558
3 0.48974499310074815 0.5096550960139632 0.16698825065070486 0.3164709881777875
3 0.56836751081728 0.7280223323382631 0.18090393820493023 0.3300959622284945
3 0.6017744349381844 0.4284912577836403 0.14926869621323888 0.4040933198379216
3 0.6949324600269632 0.5408818558553165 0.11786930878821107 0.3517720573091649
14 0.838470604827728 0.6002710777033602 0.26645555726951053 0.433298075244855
10 0.4301086152219459 0.9349662382868212 0.026844710481193208 0.04473895961991037
18 0.10990508965730779 0.5578280899427692 0.03256863044605946 0.09042028233651074
