3 0.10156712004730936 0.0768228373113807 0.0901833234772324 0.1536456746227614
3 0.13261383796570084 0.2696125246374618 0.09461856889414545 0.3525392240446893
3 0.23684210526315794 0.10078931964775215 0.20254287403903015 0.2015786392955043
3 0.24460378474275585 0.26497385063687384 0.19441159077468956 0.19791675735842207
3 0.08382613837965708 0.38403314998529964 0.08279124778237729 0.33398452804233725
3 0.1185688941454761 0.776001103034987 0.10053222945002953 0.4190268847197843
3 0.24866942637492614 0.4690755066627466 0.20402128917800122 0.2814128893690064
3 0.2309284447072739 0.67936206135607 0.2291543465405086 0.1824545106897953
3 0.31261088113542285 0.8999837926856793 0.22545830869308106 0.20003241462864152
3 0.47560615020697816 0.8342692443440156 0.15966883500887047 0.3314615113119687
3 0.4323625073920757 0.5479329646727429 0.1722353636901242 0.25358084536547826
3 0.41277350680070973 0.3469237579805955 0.1759314015375517 0.2102865546933234
3 0.37803075103489064 0.12089024031696688 0.09018332347723244 0.24178048063393376
3 0.6799970431697221 0.5703532223422516 0.12936132465996455 0.24275727269743955
24 0.5162625665286813 0.17578121599059177 0.16853932584269662 0.35156243198118353
