3 0.08029407087807844 0.44678536877499697 0.07808510221270652 0.41096337665135524
3 0.08205275795216906 0.8123558069847898 0.10079686814154175 0.3431220278116559
3 0.2486017065152479 0.828438986094172 0.12468737022942775 0.3431220278116559
3 0.3427113233569269 0.8591456744521979 0.09942599091489418 0.2817086510956041
3 0.35790770877914274 0.5361566491258195 0.11573251062977512 0.3749342139338517
3 0.4934085587757092 0.9366380445863302 0.24603920167485982 0.12672391082733972
3 0.7067046034428651 0.6063610302748201 0.18978337528025555 0.21888975812675165
3 0.651170653171954 0.9149902253354483 0.15809386963781455 0.17001954932910338
3 0.8300208441297792 0.8716650307912582 0.19951041634678732 0.2566699384174837
10 0.14639790575056658 0.9211612822577416 0.04693362831701241 0.09128330074070971
3 0.5801152768181804 0.7363140303401645 0.16837193661770666 0.2996947816385136
