3 0.34636391759159224 0.1722410830044901 0.17197469560548662 0.2693675678234094
3 0.4001568994149578 0.03923695361630126 0.10514091968798711 0.07847390723260252
3 0.5423823849293107 0.0741865381112546 0.11247627542321888 0.1483730762225092
3 0.18294719763902176 0.5208845315418298 0.18583042040541042 0.31198896878761306
14 0.3651099261856288 0.4620669256319833 0.17523486614664519 0.2386801263514589
3 0.4263567491971499 0.6348851340553651 0.13131438000817997 0.19742230378820397
3 0.4486007581292837 0.8014301946364782 0.23636325966999258 0.39713961072704346
3 0.6792586913698738 0.7077091866565537 0.303197035587492 0.5165720094866992
3 0.7049326603021845 0.4562426166031736 0.3708458261579063 0.490999005019558
18 0.5211794294426012 0.1722530670199812 0.21008115470513172 0.29431202286146996
3 0.776030319788634 0.1351217310052171 0.3209573642103959 0.2702434620104342
11 0.32600534278129206 0.5754810126571283 0.07905949939396902 0.10229154961536757
10 0.33950060402016846 0.9374317584959474 0.060067608149739264 0.125136483008105
