3 0.47700241964558354 0.2859073821704753 0.11726229399893576 0.5413108000821802
3 0.4939852298515145 0.7799729809131947 0.17548915910834745 0.44005403817361083
3 0.6342956452307685 0.09812637970023315 0.1940893467568597 0.1962527594004663
3 0.777841037612836 0.05245328067106631 0.09461867662632432 0.10490656134213262
3 0.8510288592425972 0.30958974110785187 0.21511583656924763 0.5007124414370747
3 0.8041238861136102 0.609848151526783 0.24099420882702113 0.3061790328212215
27 0.5845254299929341 0.6196115377442317 0.13101550828837605 0.16996799775641222
3 0.7121171937440147 0.7843276392811713 0.3250279912918672 0.35616875972755185
3 0.5827827430293812 0.889412484352001 0.05659119886408156 0.22117503129599794
3 0.6256034023295195 0.9726686008720162 0.05772303113108706 0.05466279825596777
3 0.765760898288599 0.9371565242355198 0.20901012901532828 0.1256869515289605
