3 0.47755997991002086 0.4092233713453586 0.10549364638901636 0.36581674515563106
3 0.5871914360783181 0.2549589000731321 0.11304742644827288 0.44651439053422487
3 0.6021644362112599 0.03286028324507587 0.15380445895971975 0.06572056649015175
3 0.7775572090953186 0.14354623130210148 0.1022497560082961 0.28709246260420296
3 0.8713645609209775 0.06259101570490644 0.08408376063751212 0.12518203140981288
3 0.8798113628333278 0.4685144879059841 0.14541925249635 0.3949493090979596
3 0.7625649648642492 0.5065037274089923 0.14764878055208747 0.5154161374929415
3 0.5590998646004904 0.7416905355176792 0.20333438668910428 0.3609853659946524
3 0.693618133186573 0.1778661200140705 0.11831840143185984 0.355732240028141
3 0.38017129339048633 0.3805948835967976 0.13513233429440524 0.6938605521518973
27 0.5002667712574246 0.10926007478403411 0.043341395808874 0.11527236168934385
