3 0.08917876819906347 0.14869652762499339 0.09699046420723827 0.29739305524998677
3 0.6034726377503392 0.07197792530631832 0.1540436438803273 0.14395585061263663
3 0.5631278738769202 0.3178513735898202 0.08639479814411008 0.30346473588894957
3 0.6572656189383985 0.21470747329105583 0.14589316165894003 0.4279193216587929
3 0.7171715457396223 0.5070905584990905 0.22821277465710596 0.35802012464326743
3 0.8174221244847665 0.1862034323872614 0.159749026207098 0.3724068647745228
3 0.909095998507244 0.08206318691886703 0.06937863233581232 0.16412637383773407
3 0.9554564897987073 0.3200981469462845 0.055762201995662446 0.43129594417746026
3 0.8747308470201034 0.3682459456514852 0.10309540993942191 0.4028141044753967
3 0.7943294134442649 0.6774770421386258 0.2509302651564797 0.2834618462072225
3 0.8118361983906005 0.8824784143480969 0.19516801863881747 0.23504317130380611
3 0.5890234619401177 0.8817284636647335 0.3186828698766593 0.23654307267053312
10 0.230403335511684 0.9296805461760467 0.059498307550080586 0.1380934841736152
