10 0.3796839503092526 0.16743448639659358 0.03303895215218651 0.33486897279318717
3 0.6566733049804901 0.08627144849713911 0.22282084009614125 0.17254289699427822
3 0.8410768057493823 0.11600443359517003 0.16442650682890955 0.23200886719034006
26 0.7077684286577087 0.18941839954663886 0.13292415633321528 0.1912553686101071
3 0.36892708216668013 0.787973590648646 0.1882451924950159 0.4240528187027078
3 0.4538295057205547 0.9583355593184447 0.09527511783421212 0.08332888136311045
18 0.5610140132840433 0.8675294156406747 0.1744149334545657 0.26494116871865064
3 0.6459164368379178 0.9422636754816712 0.10295859507890658 0.1154726490366575
10 0.7554060344710383 0.665949755306972 0.28198370867273614 0.437155191312741
3 0.8883301908042537 0.7623810338038642 0.15290110337697413 0.3664389514784348
