18 0.10074477304186437 0.6648738848160467 0.07404544218295876 0.23328097706293555
18 0.20027237574844786 0.3719924495986039 0.19014136646668864 0.17974106215331298
10 0.35841881700466893 0.41931789805056663 0.12706564331553197 0.26100697121204314
19 0.46925842230787235 0.5617722526358131 0.2390479077059585 0.49237580194407116
10 0.6853657168667202 0.5338355403484369 0.18207366179417087 0.3247491545202424
21 0.8745564638280235 0.273360650656933 0.05927821865211974 0.25869287681549785
18 0.545290160218084 0.2563360842528761 0.3297724296640926 0.34766335641831414
10 0.3219894156281255 0.07211134166369157 0.2038534847436863 0.14422268332738314
11 0.6029199084693724 0.11195619844088137 0.12461796045555636 0.22391239688176273
18 0.09586174444539573 0.10509522278538407 0.08461704321905356 0.21019044557076813
