3 0.0808055965458818 0.38567892390381897 0.07870142646335464 0.4184151385120224
3 0.07916598349456191 0.7549359996944837 0.1016560091818331 0.35668175742008484
3 0.3557140514838498 0.47370615249787834 0.12351751653276495 0.3704002865516265
14 0.24312728862655078 0.7928704035360677 0.13882057167841727 0.4142591929278644
14 0.3382248456031044 0.8283099371258841 0.10821446138711266 0.34338012574823196
3 0.49672077389736025 0.9049050581103253 0.2525004099032629 0.19018988377934945
3 0.6606820790293491 0.8751815783253181 0.15630977755916278 0.24963684334936379
3 0.5797945018309013 0.6726248249052333 0.16942668196972185 0.3018076408939178
14 0.7082308575176258 0.5434420089165487 0.19019511395310712 0.22178288762659112
3 0.8344810624692574 0.8408852554964639 0.20221894299611962 0.3182294890070722
18 0.1413137636859293 0.8672878047154062 0.04685016348163114 0.09209116177027521
