12 0.43253048176882747 0.09513559840194964 0.23950234741631382 0.19027119680389928
18 0.5912155346136264 0.3515044975807973 0.21000698443400906 0.3965023008901268
12 0.7276807473450894 0.2810474656242913 0.32248263527319765 0.5620949312485826
10 0.8519545433771996 0.2390939026670372 0.20056846827967162 0.4781878053340744
18 0.6852074246505707 0.5912979015423574 0.05899072596460937 0.2147035280753592
18 0.775069963869992 0.7299091830775989 0.12466706753854105 0.42611658062465907
10 0.8676854036344287 0.641066343874002 0.17461254885524358 0.30436898616047087
14 0.288337042613427 0.8076194084208943 0.1682122124364025 0.33729983775314054
3 0.1328315080948823 0.8970067525109232 0.08955182532585454 0.20598649497815347
3 0.21300459495755616 0.9337110500525407 0.0943924645326575 0.13257789989491844
