3 0.2813962433489326 0.4262482850738828 0.31796910058337075 0.21991420450696772
3 0.12048849285210587 0.14741806923912784 0.12949548047951795 0.2948361384782557
3 0.25447144047695364 0.049529429428099486 0.13847041477017757 0.09905885885619897
3 0.3333226488877492 0.1112126819117612 0.10128854413744469 0.2224253638235224
3 0.4326879928200525 0.04684754888533161 0.053849605743957925 0.09369509777066322
3 0.5448746714532983 0.13266772625390438 0.20129495480479515 0.26533545250780877
3 0.46858772998269116 0.29617707874963967 0.23847682543752804 0.4693290949843825
14 0.2692159753830373 0.6126389827962518 0.09872427719725624 0.1796859963654493
3 0.240367972305917 0.7923249791617011 0.2051413552150779 0.3835089176158095
12 0.6615488172318739 0.7561195918343344 0.12436694659914092 0.21455044342143184
0 0.7948906981216746 0.9491296303005166 0.07051734085518306 0.10174073939896694
18 0.5227498557599847 0.6196286339608407 0.03271043015577918 0.07029879372730362
12 0.8478032411647132 0.9448229623268953 0.026292002121997272 0.057057906943277954
