14 0.15544125609095832 0.09423556058890147 0.14763400108283703 0.18847112117780293
18 0.5025798592311856 0.8576613816534542 0.11909583107742286 0.2808493771234427
14 0.5740146182999458 0.34028878822197056 0.05689767190037901 0.12211778029445072
14 0.87663508391987 0.24519818799546997 0.13611802923659982 0.38722536806342017
3 0.37083404783023194 0.4633768457033845 0.1547260570195578 0.3061115407563113
10 0.5810747157552789 0.9202265005662513 0.07896589063345967 0.15954699886749715
18 0.8455793178126692 0.8922650056625142 0.051678397401191144 0.10104190260475654
10 0.2435043304463691 0.44503182182894374 0.22725590347175953 0.4180678339770466
18 0.086591770438549 0.39334088335220835 0.07053059014618299 0.33922989807474513
19 0.41002436383324314 0.09036806342015856 0.07630211153221438 0.18073612684031712
3 0.7762444546083156 0.9648404146826489 0.16703141057017754 0.07031917063470222
14 0.8245984158709009 0.956324218064598 0.10437486120364205 0.08735156387080412
18 0.26608187134502925 0.6308397480409645 0.14212747057517208 0.2849054868584317
14 0.16614849359686137 0.30954687563267874 0.1584129099119106 0.2554858985415285
