3 0.10579895253602965 0.9585812141769414 0.06106057153547859 0.0828375716461172
3 0.410044931383751 0.9189680551276914 0.09944634312751176 0.16206388974461722
3 0.849760301948606 0.7598497476652657 0.17478275697536397 0.4803005046694685
3 0.7282370652853559 0.7541794959613662 0.09241289751340563 0.24974193849918613
3 0.5797823209551933 0.27715684540066005 0.13963116631587566 0.5543136908013201
10 0.27289160299737997 0.17710263666140622 0.192275303180852 0.35420527332281243
19 0.1645919593382856 0.10986931066393603 0.1250947755634459 0.21973862132787206
10 0.3950906661635239 0.16946505323967354 0.10772050117963403 0.27014471526911443
18 0.31719600267610043 0.5019974493893234 0.0978750790288072 0.2980071746914895
10 0.16328462492743176 0.924916191503291 0.03938168860330706 0.15016761699341827
18 0.49055310292212234 0.8113074679890316 0.11867985825528106 0.13394597688401072
18 0.7513737939265381 0.9497135951008004 0.05531282916860777 0.10057280979839932
10 0.9314777620731023 0.652507194510315 0.1133238451259279 0.4402230780324636
