3 0.11915014318026987 0.5244224887562166 0.1439496187427105 0.3721512095393309
3 0.12642850826012297 0.8204517794657465 0.12615807816842942 0.2706554145601774
3 0.25137353252308675 0.3518796314840206 0.1512279699402104 0.28757137071064476
3 0.3302223556724732 0.456758606077998 0.10674913238686086 0.3112537441671086
3 0.6233781461992252 0.12688355161710688 0.13828867275249795 0.25376710323421375
18 0.5142029060014331 0.4119313309907115 0.206219858046809 0.40090829434168174
3 0.5954778091970444 0.33834685494837685 0.18115010509856022 0.26388899725418113
3 0.5412945126352637 0.5311888479858641 0.19732421270084738 0.36876791377180995
3 0.2831525660856814 0.8526810528746605 0.31318940326531464 0.2241465505077325
3 0.2682387660139559 0.9823771640642633 0.09555866732884287 0.03524567187147326
3 0.46791773050175056 0.7290538390792788 0.23199217585203755 0.45291458123051453
