13 0.42348751473908497 0.9465387210178191 0.13082346138324596 0.10692255796436197
3 0.5014510178080503 0.7666965859838191 0.2612231049803278 0.25989759925078054
3 0.7310111554742058 0.8387963147551828 0.10439984162095237 0.3224073704896345
10 0.8889266476741098 0.870210966941862 0.11091407638854914 0.2595780661162762
3 0.7344608838095837 0.5826470767033397 0.4136798212210825 0.3244028815204818
3 0.7527303713161771 0.3254367290831493 0.2488618727531807 0.33834322650911286
3 0.85668579435158 0.14683924170198612 0.14721426270688923 0.29367848340397223
3 0.7722477163168917 0.08183359396223039 0.09882952960414178 0.16366718792446078
14 0.6263633912384763 0.059480309837807284 0.11067425353228362 0.11896061967561457
3 0.6057137696555414 0.16886080771514947 0.049534693440592935 0.15650045910029103
3 0.5339596141340469 0.20638009944974164 0.14597441836989045 0.4127601988994833
3 0.4341678869206206 0.30290797296284555 0.14606436953928675 0.3770827435370271
