3 0.6657624725294581 0.13825918671641807 0.2952553227984905 0.27651837343283614
10 0.12324511996549216 0.29754814578475824 0.1214417989419018 0.21651699634972593
18 0.4311719012048365 0.317883657827875 0.22087741900850608 0.46372137509527345
18 0.904210639079106 0.20163085253366292 0.056862641246740876 0.22909584940520084
10 0.810575740508383 0.09330480411161687 0.14344806176432334 0.18660960822323375
10 0.7172530100901938 0.34260408984926494 0.09536035097353607 0.28130152232459243
18 0.3500748661363538 0.11632038480721935 0.19398092841447656 0.2326407696144387
10 0.29750443489560285 0.3434565447779828 0.049717796042114876 0.24549946888811155
11 0.25516476974450075 0.5483544517139414 0.10439220222848368 0.12206489425438145
13 0.4561683536840969 0.9430336706695418 0.1225473387973505 0.11393265866091624
