10 0.48669426374926084 0.23404935729962037 0.05322294500295686 0.1097819513472497
3 0.19101123595505626 0.9374797408570992 0.14340626848018925 0.12504051828580187
3 0.27786812536960387 0.8107911580393972 0.23285038438793618 0.3417156513766506
10 0.41905677114133655 0.9082033120517455 0.05248373743347133 0.12215174868215106
3 0.40479849484471964 0.6982436351687545 0.2054997043169722 0.35717789804527733
3 0.4009067496146047 0.9701671244343476 0.10788930552322519 0.05966575113130486
14 0.5300469789530106 0.8898129365489907 0.15801968990775403 0.22037412690201846
3 0.6826177140363593 0.7556905830895774 0.18744404595954273 0.19148232006723334
3 0.6702297364760467 0.9512237984552061 0.13349939319793017 0.09755240308958783
18 0.823345367041836 0.7121050525578648 0.15638500346043255 0.31229854582394007
