14 0.6169614115389215 0.6476844262474708 0.22646207592029013 0.45929632999112185
10 0.3122819864395507 0.029671574178935445 0.09327035305484543 0.05913929784824462
14 0.9001326475365458 0.3949093997734995 0.11358419057931779 0.3527406568516422
11 0.4465714764611269 0.9054740874856833 0.13749595779502036 0.18905182502863338
3 0.5812201705561882 0.29919592298980746 0.20710736872472071 0.2526160815402039
3 0.8195596900843263 0.890209945468277 0.1096910476805749 0.21958010906344574
3 0.7496468710440427 0.43228816375542056 0.1453624571539285 0.36448161676169716
10 0.5688634343616772 0.085433252833272 0.349713874678958 0.170866505666544
10 0.7708898413411387 0.0490951797832526 0.08726787573875815 0.0981903595665052
14 0.6538376651655087 0.8789774984223023 0.10909972127798423 0.14842761480204175
