11 0.25532977853282435 0.4648216521079016 0.10069643822589304 0.13589039684212834
10 0.3317622050513056 0.07368845831654842 0.1589016322263955 0.14737691663309685
10 0.29487432614160664 0.19881662724354465 0.0472921235834929 0.35612117795652193
10 0.1246225773276115 0.2126657766168845 0.11917622416979662 0.21762959365682472
18 0.4348590829562498 0.21860115222440127 0.22132727345819375 0.4352592778799484
18 0.7176661690296946 0.2462994509710809 0.08701753164009163 0.2611555305014494
18 0.9002138630478363 0.11919281596105419 0.06242564123179828 0.23838563192210838
10 0.8267791135981353 0.041235708876988186 0.047410506633057396 0.08247141775397637
14 0.7117388620510124 0.09227917877371802 0.2245028152055963 0.18455835754743605
13 0.4596444223851749 0.8973344004077894 0.17290899478219027 0.20533119918442097
