3 0.4739580540200777 0.24999189636592675 0.19245262587980505 0.300079275198188
3 0.40908397789868073 0.8220668176670441 0.20416687296032848 0.3326500566251416
3 0.8564943151055767 0.61039755184157 0.19108283703302656 0.24966922247767567
3 0.6780664526426252 0.7876613816534541 0.15910124526258793 0.42467723669309165
3 0.7946345425013536 0.900898936252776 0.1723443421765024 0.1982021274944481
3 0.6192064052739111 0.607361268403171 0.2013797840183149 0.5120498301245753
14 0.3798081149008213 0.10417327293318233 0.17930157011369788 0.20834654586636467
3 0.2848152261434395 0.4013060653251915 0.12789791303403658 0.23484316122795945
3 0.6679401135095338 0.07956964892412231 0.1415852674936134 0.15913929784824463
3 0.2803627504060639 0.5705605889014722 0.12208987547374123 0.20114382785956966
3 0.711811282981636 0.3643844572316694 0.25193875437691576 0.4837859020058076
3 0.37766864534027345 0.6656104508930969 0.19367756636318612 0.52434002747279
10 0.12691440915741942 0.9224576341802799 0.03211789715835617 0.09391418941535426
