2 0.4563519852183222 0.918447600050978 0.1497254085756041 0.16310479989804397
11 0.2550365363709176 0.5012312487779884 0.09789262532165664 0.11832714256048778
10 0.12507165741073564 0.2501034362434147 0.11828441606191789 0.2142377760368662
10 0.29890101980438905 0.29105664369888623 0.031680395070257814 0.23967567989198377
18 0.33867653330270525 0.0983080349284754 0.1669086220815401 0.1966160698569508
18 0.42974990251466066 0.2553682040627176 0.21761766707139724 0.45581731369638273
3 0.6908632558861789 0.11271914643633087 0.24989021905885625 0.22543829287266173
10 0.7161779640965251 0.28675067610084365 0.08615883145275725 0.26382904298187365
10 0.9023488042481732 0.1528380235832127 0.056550985592703176 0.22976660785510591
10 0.8278615989246152 0.05723768095714666 0.0793160807412278 0.11447536191429332
