18 0.07941433270312973 0.2643299297110481 0.09427498663684628 0.2171394501812038
10 0.4562494719856531 0.2848252472609528 0.17636836631733685 0.36780764522595844
18 0.5907767048478799 0.10917698655346218 0.23039111400222856 0.21835397310692437
10 0.6462745610243708 0.2650363880662214 0.04899671160641649 0.1000381258674182
25 0.4205766360250727 0.6607675304438503 0.2511174242818791 0.5290278199987373
18 0.348546534856393 0.9408483972873762 0.14298245175794008 0.11830320542524755
10 0.4205766458922342 0.9449814293885579 0.0872983297596802 0.11003714122288424
18 0.8421593195818281 0.8630722754226052 0.14441946568671443 0.2738554491547895
10 0.7695903332562772 0.9393454676108143 0.13795292274155296 0.12130906477837135
18 0.11829426245579415 0.7561136273865043 0.09771761563843726 0.3495280544374784
