18 0.3826296659540628 0.16350706752366648 0.04209428252031387 0.2832914613013092
27 0.32482258525436 0.28949165726524945 0.059937874634784824 0.10963883881959281
18 0.3246554510317112 0.5027389505876487 0.028148972547154445 0.06192564020774182
10 0.3196808435951844 0.6240522940910428 0.05168731961465755 0.09847191129458964
18 0.25423598896396926 0.8780592987315832 0.07506898490055182 0.08890486305592155
18 0.2687681978071274 0.9528591555753779 0.28130738164862945 0.09428168884924414
27 0.13555230026927353 0.9459540873363428 0.03701966368233738 0.10809182532731437
11 0.11504990687671085 0.948367789096068 0.017807010353409276 0.10326442180786412
18 0.5845487137921342 0.7218849274971587 0.10366658319294438 0.2338026057353389
18 0.6087761991038836 0.6948300467428311 0.12470880111010074 0.2790286486532511
19 0.7483193681423802 0.9366827164493562 0.13759021395994342 0.1266345671012874
18 0.5590183699176954 0.9643978116333024 0.10507331130132155 0.07120437673339512
10 0.44677663101383336 0.9620831953809215 0.08957412884518383 0.07583360923815718
