3 0.3570167839740119 0.37289360341710864 0.12057390362750409 0.37908255534018803
3 0.835593215383532 0.7535858934528527 0.2141492713574455 0.3476866502403876
3 0.34208716838115866 0.7501131836357239 0.10230102869518133 0.368425687769749
14 0.24683913485577386 0.7018709489173235 0.13325188729982212 0.41536137688334446
3 0.5359019912650826 0.8856193781973462 0.19468502479828267 0.22747884699491877
3 0.7095262587980509 0.4437712344280861 0.18875473741201942 0.2197961494903737
3 0.6502701902435415 0.8019378800945336 0.18210082167443922 0.3236154714859362
3 0.58143654035131 0.5645753114382785 0.1717560476135683 0.31087202718006796
3 0.4362248168148584 0.8600566251415629 0.13051135534059935 0.2798867497168743
3 0.7579879858232451 0.9555500183720479 0.18138421800077223 0.08889996325590419
3 0.31561721710882507 0.9490441106804557 0.16726042230644286 0.1015267276764612
3 0.07855982674607472 0.6660758776896942 0.10879263670817542 0.37036240090600225
3 0.0826718899586203 0.2972850103622039 0.08996749404826389 0.4162687749712934
10 0.14023984010659563 0.7763892902403807 0.051817306980531476 0.09290396310601032
3 0.2031608557258124 0.9245820306700444 0.10659560293137905 0.15083593865991118
3 0.6225109186468282 0.9617436159124486 0.05996002664890077 0.07651276817510283
