3 0.10044835692726733 0.4162250906361862 0.10263983655218849 0.37732510338678044
18 0.14134860995357318 0.0636229894182945 0.09844473811181184 0.127245978836589
19 0.27898981153851304 0.13345487533820494 0.19762686152701248 0.2669097506764099
10 0.1974253923289617 0.18918795330075755 0.06772267556426255 0.15616200046191223
3 0.6637129844034421 0.28118477847573725 0.14986402231925408 0.36486490553677725
3 0.8348691593313937 0.306451233528511 0.2587816131742278 0.4051199770429604
27 0.8000646599413057 0.05794105830294942 0.19244836190028008 0.11588211660589884
3 0.5842768805591055 0.7509697476080197 0.2497733934411777 0.33488778044925577
3 0.7869618245527324 0.8709883149243173 0.1998187766074782 0.2580233701513655
3 0.5412830467670778 0.9009654939214874 0.12529612220432845 0.1980690121570252
