14 0.5139983757444505 0.4639014722536806 0.08789929615592855 0.3522876557191392
3 0.47328641039523556 0.1791506228765572 0.1489334055224689 0.2666364665911665
14 0.4106090958310774 0.36481313703284257 0.12432593394694098 0.23873159682899206
3 0.22295540379834894 0.3149511200168911 0.259882370529994 0.5065643511326958
3 0.2712479696805631 0.7645922989807474 0.1624742826204656 0.4166138165345414
14 0.38344071467244184 0.58599093997735 0.1547103410936654 0.2882672706681767
3 0.4608419057931781 0.7806625141562854 0.15472116946399567 0.30920724801812016
3 0.5807193290208117 0.09397508493771235 0.11908110373422942 0.1879501698754247
14 0.6997279505466075 0.8341336353340882 0.21162698934443328 0.3317327293318233
3 0.6430996210070384 0.4583748584371461 0.18888467785598267 0.5458776896942242
3 0.7894667027612344 0.22739524348810872 0.1699675148890091 0.45028312570781426
3 0.37363562533838657 0.9280577576443941 0.09341093665403355 0.14388448471121174
3 0.49553059014618306 0.8892185730464327 0.14419599350297782 0.21836919592298987
3 0.6002761234434217 0.9439467723669309 0.08948565240931239 0.11178935447338623
3 0.8060036799578258 0.7701310891135368 0.11888695656840038 0.23757799217664802
