10 0.4861936946910813 0.1319349578264669 0.04806844297653125 0.10280590159815405
10 0.8264472675840239 0.5973253850543905 0.159328222220468 0.3084178276180497
3 0.6819098126917988 0.6525675843025702 0.18424386133777457 0.19186750777080316
3 0.6708086768898268 0.9052534899590702 0.17607116127315975 0.1894930200818597
14 0.5325442105901554 0.841423422572484 0.15986829619299228 0.31715315485503187
14 0.40441094768454444 0.5817667948718283 0.2038958770908091 0.34857822056515847
3 0.40539118899781146 0.9210876263366427 0.13397007052327609 0.1578247473267147
14 0.19528693140577674 0.8889637482426206 0.1372375968279424 0.22207250351475893
3 0.27828303265635057 0.7102622948632655 0.2274223554175793 0.3458443088027578
10 0.4191149936783949 0.8073174132782576 0.046399351923809805 0.10525695277940351
11 0.12144002932841734 0.9518445361648133 0.06535123658473446 0.0963109276703734
