3 0.32089371221308116 0.06225253155169024 0.09617542158157441 0.12450506310338048
3 0.49368339244842535 0.07503898965965632 0.18420030497701226 0.15007797931931263
3 0.7962977970341275 0.054641881764075605 0.12254733879735062 0.10928376352815121
3 0.517810640082582 0.23134861121847067 0.16339645172980086 0.24141724565067915
10 0.4017472627305411 0.18930405722598903 0.04668470049422882 0.10307700111967226
10 0.10302229111032195 0.5909503625549802 0.04908496133712761 0.09629559741040151
3 0.20375161928477292 0.27629420363370316 0.20683914924037472 0.41908945475202203
3 0.3990671765112163 0.503611664535405 0.19776155869494164 0.3458505647634555
3 0.602340135826171 0.6697555199258308 0.3241992743594781 0.3092310499230789
3 0.7916725446422102 0.32322686601191636 0.21786199500240086 0.3702635436143316
