10 0.20200679322005377 0.10931055672568736 0.09027081223767289 0.18425418914683084
3 0.4790562472123879 0.2254599992403212 0.1696217991966775 0.3213026673839366
12 0.3589378270127944 0.05186517323921988 0.026935642335195523 0.03705386102517068
3 0.5858234998801122 0.34058395818554915 0.20864141472643696 0.2348002007114301
25 0.801464394288229 0.02996913100180036 0.036156795541857585 0.05993826200360072
18 0.4388112606984887 0.5817240783868969 0.11103140099135268 0.20417402471589569
12 0.15401899924856588 0.929426556624046 0.05023134291083514 0.06903182266711338
11 0.6936243876004043 0.9197182041790292 0.14031440818378751 0.16056359164194162
18 0.28136336953904506 0.9474084943578623 0.11216068790286957 0.10518301128427544
19 0.2166924038092188 0.9827413384812478 0.03648601815140946 0.034517323037504356
