3 0.25199586043761096 0.1398314924860346 0.21806623299822595 0.2796629849720692
14 0.3846836191602603 0.28430165897265725 0.15819041986989946 0.3185222813737105
3 0.41092548787699595 0.08803296614613508 0.12640449438202245 0.17606593229227016
3 0.27010644589000593 0.46289060799529586 0.16262566528681255 0.4097495367186081
3 0.5147841513897103 0.17616777215730742 0.08722649319929039 0.35233554431461483
3 0.6448846836191603 0.2186889504960309 0.18923713778829088 0.4373779009920618
3 0.7062389118864578 0.5680338853419576 0.22176227084565342 0.40974953671860825
3 0.8093583678296866 0.4775797423304913 0.1219692489651094 0.21028655469332347
3 0.8038143110585453 0.08571362914584109 0.12714370195150793 0.17142725829168218
3 0.7820076877587226 0.8123373827062599 0.23580721466587817 0.18400073535665787
3 0.4611916026020107 0.48376464099794203 0.16188645771732704 0.32161473070743585
3 0.38024837374334725 0.7651775303669482 0.10644589000591366 0.35872412271214
3 0.49704316972205803 0.6739502750220507 0.1493199290360733 0.35253922404468935
3 0.5510053222945004 0.8052775318403406 0.19515079834417498 0.3894449363193189
