3 0.07854805951490679 0.40065371984889436 0.08625473594613038 0.42176536625123134
3 0.08358890432415171 0.7767278021573206 0.109778698900586 0.35381427553342715
10 0.14799989225714202 0.8798260120924175 0.04592782363732619 0.11481391634086091
14 0.2488171268786992 0.8045966276288649 0.13778353244591648 0.39080674474227034
3 0.35747566197376207 0.4920362233782269 0.1265816482549346 0.3702162451946136
14 0.3423530813955739 0.8374005991293766 0.10753837128953996 0.3251988017412469
3 0.43174767834261657 0.9182389379331966 0.12189901087961047 0.16352212413360692
3 0.5843144014135544 0.6876884463447689 0.17474986103724477 0.32569650293206
14 0.712016182707043 0.5658451190317051 0.19715369095314628 0.2272846206086634
3 0.6616075807797489 0.8959790989800585 0.15458635873238916 0.20804180203988307
3 0.8357973291472632 0.8491163055351408 0.20275457151469942 0.30176738892971844
3 0.5418541582636018 0.9448846539624856 0.181022444709924 0.11023069207502878
