3 0.08476454398871987 0.03472873746102171 0.05427206092753555 0.06945747492204342
3 0.1319388428231097 0.13311450000073152 0.12902570723989387 0.26622900000146305
3 0.1793145654834761 0.2964592998997797 0.21297429620563035 0.5325341587527775
3 0.2992894504915433 0.3227126884805795 0.1339020311955364 0.3584790310674594
3 0.25535734629357043 0.6057291585030748 0.19297850763288796 0.22455975750239496
10 0.2617267208844021 0.9583988874712378 0.06714620806306786 0.08320222505752445
10 0.3350558395275763 0.7834877029086639 0.11919062121468312 0.16418873607619536
19 0.4906977619133293 0.909529681945833 0.14877514765084535 0.18094063610833405
0 0.6720802844084602 0.9663333307534623 0.056050503768286894 0.0673333384930756
18 0.3068640199816909 0.08058494163136035 0.1470043592775506 0.1611698832627207
