3 0.5019481663917876 0.8771411638408794 0.26349558904393366 0.2457176723182414
3 0.7274725190584218 0.8921515257445112 0.10347487059735058 0.2156969485109776
3 0.731207381243733 0.7038379540246205 0.40813090138263725 0.32056913670629106
3 0.4338162078327766 0.4231605355847067 0.1475937084777799 0.36706146558622715
3 0.5330205128126528 0.32555858943883187 0.1470490241443451 0.41600451489593004
3 0.562096924626353 0.1969096757713674 0.1369716173047311 0.32588851201268615
14 0.6246282098163334 0.11729081964470431 0.11191252313694926 0.23458163928940862
3 0.7894941572467505 0.14103987277174926 0.13933253108723598 0.2820797455434985
3 0.8581358879073117 0.2677931588470637 0.1598225695701729 0.32144817818894894
3 0.7515578835934394 0.45084644450539835 0.25168286138184504 0.3400991809942475
10 0.8814798804513627 0.9258176500156148 0.10484963857986271 0.14836469996877033
