12 0.6380128030950943 0.11130442887448416 0.16746219258187733 0.22260885774896833
14 0.4069592981551478 0.10346726512516755 0.13322227162939573 0.2069345302503351
14 0.30222588176351095 0.6444277763622731 0.17714435364581357 0.2629301567444546
14 0.4183038025072651 0.7919032862227872 0.11138258441481891 0.2461797782364745
14 0.3615073885995129 0.9284656060585116 0.13416813482903314 0.14306878788297703
14 0.2442043834609509 0.8505413830725935 0.186365580166956 0.2385659675002063
3 0.11886867878526677 0.9320179395655899 0.10264666309648406 0.13596412086882032
18 0.13954503825498712 0.8836813477793326 0.016288651639759805 0.05138366730323436
3 0.7382205507554318 0.7527963146315514 0.1706541724218907 0.37513404322834953
3 0.8441788222163297 0.8888488311130803 0.1765753015877209 0.22230233777383937
