3 0.4337334153981899 0.4243975656025828 0.146649004172079 0.3679048697621744
14 0.5007353172832139 0.8770724801812003 0.25962981161028253 0.24585503963759914
3 0.5338271374163347 0.32522174270469034 0.14751742926207675 0.4177085413673342
3 0.8587872225230103 0.2659895665621393 0.15732539252842442 0.3171488396956535
14 0.6235760693015701 0.11997168742921857 0.11367081754195996 0.23994337485843714
3 0.7523779236026291 0.454343148357871 0.2493362478549604 0.3349830124575312
3 0.7893428845754481 0.1407078013676389 0.13957358019253333 0.2814156027352778
3 0.7276448294531673 0.8946115163850941 0.10170005414185174 0.21077696722981187
3 0.5631437162085791 0.1969151382328691 0.13545906208689265 0.32651430817581745
10 0.8814122299421636 0.9274185184048473 0.1041758362607497 0.1451629631903054
3 0.7311952005478257 0.705097640705279 0.4099754280493864 0.3256899725873706
