14 0.8180285836506814 0.12663894420025126 0.17361858230906138 0.2532778884005025
3 0.8693806154279042 0.26283211334682377 0.17687613728451174 0.22340003393836147
3 0.8008710075243738 0.4375385180623905 0.30580176011216087 0.21924203677837395
3 0.8922840150449765 0.6548144677484738 0.09179743152924483 0.2257237758600921
3 0.7617012591937937 0.6623400032519123 0.21939633099676806 0.19107993911112867
3 0.544375819311265 0.5709252062722934 0.21459144841736666 0.22317378027491586
3 0.5949963484331513 0.7312150927383058 0.1742864171815107 0.22375142788693306
14 0.535392718638089 0.7539434358993514 0.08343956988965505 0.19896659565931646
3 0.7203127840772408 0.8840308895160726 0.2603854582320416 0.23193822096785482
3 0.854407857268049 0.9034646911031878 0.08982018168437232 0.1930706177936242
27 0.3982600601899017 0.8640748408818402 0.057265482364638666 0.14988058717110142
10 0.42167407670312507 0.708089581011024 0.02884865414431609 0.039933313723350065
18 0.10574259903845108 0.7364558835066665 0.040220520998238245 0.24047324163198266
18 0.7222105454757322 0.24464451633231846 0.04323657625810312 0.07596906379719366
