18 0.18606535066735255 0.03745186862967157 0.10385782640238245 0.07490373725934314
3 0.13506497022198158 0.8763703284258211 0.11498105035192202 0.24725934314835793
14 0.5900378992961559 0.1327916194790487 0.10505684894423388 0.22028312570781425
3 0.251878722252301 0.7894072261441987 0.15020032485110987 0.2954395938512513
3 0.5942511571296714 0.7740770101925255 0.17585069061342393 0.2548584371460928
3 0.6242149431510557 0.4819875424688562 0.15343259339469403 0.4169988674971688
3 0.531978884677856 0.8944903737259343 0.18188955062263126 0.21101925254813142
3 0.3336843530048728 0.8453231697656428 0.09794802382241471 0.3093536604687144
3 0.5083738441780974 0.7870545332963724 0.20029939382452178 0.3669516486992
3 0.40805775427035407 0.9572726841181463 0.08586367890740174 0.08545463176370753
