3 0.44767461889390714 0.806845979614949 0.23290198040384796 0.38630804077010195
3 0.3465538711423931 0.19231030577576444 0.16536545749864642 0.2797508493771234
14 0.36431510557661073 0.4815805422952376 0.17632918245804008 0.24277603362784775
3 0.775362750406064 0.1479275198187996 0.33118029236599894 0.29510758776896945
3 0.18776664861938278 0.5409626274065685 0.1815538711423931 0.30638731596829
3 0.41605847319978345 0.04682899207248018 0.14119112073632917 0.09365798414496036
3 0.5433026529507309 0.08441109852774631 0.11659989171629677 0.16882219705549262
18 0.5196837036152641 0.18905239676212668 0.2170267454494934 0.29518293621961006
14 0.42256361667569026 0.6432842582106455 0.12231185706551162 0.19551528878822202
3 0.6793475906876014 0.7256876972333448 0.2989767190037899 0.5155945639864099
3 0.7050108283703302 0.46450169875424685 0.3651164049810503 0.49224235560588897
11 0.3212302909171663 0.59058136402836 0.07476497150048114 0.09909756064641106
18 0.3382559774964839 0.9454854223688969 0.06144052113405877 0.10902915526220645
