14 0.5306584730218825 0.8664494070760465 0.1550813054507683 0.26710118584790715
3 0.6836022441372562 0.7002257740157116 0.18145399258494188 0.1834082843715818
3 0.6749650400976965 0.9324767924895385 0.1451446713101185 0.13504641502092313
3 0.19251251780115478 0.9137392718659199 0.11994043517593449 0.1725214562681602
3 0.2793297190646671 0.7605720685128973 0.22479531785743453 0.3184171603673296
3 0.4039305523913594 0.6383946394159168 0.1991044243880134 0.3431796800735069
3 0.40459391001027534 0.946911703759524 0.11299776070109202 0.10617659248095188
10 0.4197841186865463 0.8563659539187214 0.04749466920008542 0.10021631881058675
11 0.11826101147794582 0.9728516028532618 0.04617615329574901 0.05429679429347654
18 0.8238482061490471 0.6539032445599179 0.15568681442469187 0.3030850425169162
10 0.4862342039570064 0.17903885286128618 0.04569275916353167 0.10316251918788606
