10 0.1921200473092845 0.3878987116524564 0.1441454760496747 0.29687513603763316
18 0.11746008279124785 0.7883709003698883 0.16040804257835597 0.31233738270625977
27 0.7003252513305737 0.9483033135251377 0.14488468361916024 0.10339337294972457
11 0.6803666469544649 0.8069255963722405 0.08279124778237729 0.05566408800705624
3 0.2449733885274986 0.1862182324919148 0.18923713778829096 0.3724364649838296
14 0.2556918982850385 0.7905883975051451 0.19441159077468959 0.41882320498970976
14 0.4933471318746304 0.8138836073731225 0.12418687167356593 0.25203462069861554
3 0.6984772324068599 0.610555063680681 0.15597279716144288 0.3710939200470414
3 0.7916173861620344 0.8678996308482788 0.14562389118864583 0.2642007383034425
3 0.8551892371377883 0.7381185986968516 0.14118864577173265 0.33243830337547453
14 0.8474275576581904 0.41650386798941563 0.19219396806623298 0.4159344353860588
