10 0.21113230703194305 0.09753660650172065 0.056241614896560946 0.10363742531803877
18 0.3857950341754451 0.3667526031438437 0.06143017659947861 0.5276517817014736
3 0.4998329550414825 0.123912946699009 0.1862510597910637 0.247825893398018
14 0.6592900338841567 0.08700466728985544 0.1522683978205641 0.17400933457971088
3 0.8110562237751773 0.058271280094292194 0.13480138332197208 0.11654256018858439
3 0.680877550385367 0.3060196516881683 0.2700477904818483 0.3841100947365402
3 0.8437902562893304 0.30363902817210364 0.18510503941347495 0.4763423469855099
26 0.7073422124007316 0.4924260627359381 0.11666067555207402 0.1604224669851299
3 0.3937545104403089 0.9385614864333052 0.13462362788691268 0.1228770271333895
3 0.8700865680338873 0.9437444465845028 0.12044129122405316 0.11251110683099431
10 0.7430241531900361 0.8786726685413005 0.26734734232777946 0.24265466291739868
