3 0.08379593820895156 0.17537859790441357 0.09774136544804422 0.35075719580882714
3 0.6498411264771146 0.09215203114660735 0.25532611054699755 0.1843040622932147
3 0.9052521446580369 0.10073289357084331 0.08495337485039024 0.20146578714168661
3 0.9541176021431191 0.3766371336132279 0.065959734131807 0.432691284686405
3 0.875380327891538 0.4434550698961869 0.12259531736540065 0.3741804431845705
3 0.716564187414278 0.5620028463949499 0.22846541388678657 0.33990635897489463
3 0.6501965935915318 0.29277008681087496 0.1359530103762919 0.4307724153345198
3 0.5609020128118372 0.3895256097864019 0.08929458077969468 0.2826943975632787
12 0.5155003247612042 0.30110789472436644 0.043020854838475425 0.11394936269040726
10 0.2273359681200525 0.9587954673444308 0.06111437138187519 0.08240906531113837
3 0.5839274118526904 0.9022970449264605 0.3072088489999618 0.19540591014707914
3 0.7928693206631987 0.7464865756386276 0.2373144263964863 0.28437710231067953
3 0.8065450672690981 0.9169936112517261 0.18502480702098933 0.16601277749654803
3 0.8209835565442072 0.21353480869179428 0.1669731932397663 0.42706961738358856
10 0.8567533526305429 0.6217359039776629 0.08840676407195107 0.07656974319993146
