3 0.7878943406036986 0.38814482823941027 0.21375056756925293 0.36237399018029604
14 0.7978497408555596 0.08085879040383923 0.13102493626397568 0.16171758080767845
14 0.3285622554206167 0.09270101925254813 0.11440658988833675 0.18540203850509626
3 0.205570008908177 0.32833743754638023 0.205145851160365 0.400538398042116
3 0.6022013711175354 0.7362281949660522 0.31257614244278537 0.32006909138159895
3 0.49175717232702953 0.10159116647791619 0.17865240637576996 0.20318233295583238
18 0.4028424472116946 0.24029445073612685 0.04603140227395776 0.10138165345413365
10 0.10204483862758451 0.6416704416761042 0.04542156680579166 0.09477916194790494
14 0.5177368706009745 0.29139297848244616 0.16317271250676774 0.23748584371460926
3 0.6098890092041147 0.03511325028312571 0.18769355711965346 0.07022650056625142
3 0.3979719186100332 0.5597462040255357 0.19150057819255792 0.3220408773845681
