3 0.8387172101393763 0.36190131779862045 0.20814647458323268 0.37113119831828767
3 0.4990889080697186 0.2000611537201705 0.10460285182134035 0.400122307440341
3 0.5523171866827536 0.5715627407243852 0.1098992007745142 0.369469404253294
3 0.37608124036305673 0.3547002545579983 0.15359407600148578 0.40104327088426034
3 0.25493096961383765 0.5900429708136167 0.11731412422140355 0.8199140583727667
12 0.12152248358654083 0.6386045829979163 0.05661339441522115 0.15028414365377984
11 0.17279285527869 0.5204222707269214 0.0404706194011575 0.07371531941134324
10 0.10833542772136517 0.23174356728884754 0.04069798937786647 0.0879828043800038
3 0.20780677009077717 0.035617190492409675 0.10595118687482342 0.07123438098481935
10 0.10140086511902892 0.03989743467678096 0.06548056122895363 0.07979486935356192
