3 0.2817712167182287 0.07857674683493657 0.13916183134789395 0.15715349366987313
14 0.41444027210898915 0.023573081341229502 0.09674236176128864 0.047146162682459004
14 0.3844696449052591 0.16407224912079105 0.1536710745822311 0.3281444982415821
14 0.5143208089162256 0.11637761982855414 0.08527179090368618 0.2327552396571083
3 0.6367096357081915 0.1566683706840268 0.17465567324689021 0.3133367413680536
3 0.7987043958386715 0.026289311735980488 0.09869019454842867 0.052578623471960975
3 0.8134213546748407 0.34887408903271205 0.11470570857602456 0.20598080493528154
3 0.7085630229671351 0.42990829580944917 0.2222693635992024 0.3924952920415144
3 0.4986299336864864 0.5501014907771794 0.1495502728793075 0.3440558500017889
3 0.46400179524844126 0.3604180682104037 0.1612372696021477 0.3259476473701158
3 0.2706252846584829 0.33506658452606125 0.16275225065881221 0.4101507896073957
3 0.38035319833403847 0.6415479140671284 0.10604867396651324 0.3476774905281236
3 0.5415904679361861 0.74290868571737 0.22335149292539122 0.5141826285652601
14 0.7865845473853555 0.6868184206463113 0.24066556214441376 0.18923071750098389
