3 0.7668173248526579 0.16198474822511824 0.18389785530563035 0.3239694964502365
3 0.4814810302264124 0.3840852700525404 0.1714752092211392 0.28668939200062155
14 0.27350630668050063 0.46148295386214816 0.1850034650160815 0.24899168548955455
3 0.1711709007275957 0.6971220450336729 0.18914049118599235 0.21915812271721502
3 0.31763545522377584 0.6693767952126339 0.16111967466473237 0.3319225974617575
3 0.4345936870602524 0.832805858095037 0.19553656519037493 0.25356085947847395
3 0.5604548324266687 0.5336873577191986 0.2611488061525159 0.5281954849936553
3 0.6934218444732476 0.7788353429277727 0.13340342756340548 0.3548577634035837
3 0.7893225314662655 0.8732501627043047 0.2093266818282463 0.2534996745913906
3 0.3843432961452046 0.734744839820487 0.13843262231755116 0.19675390434466417
0 0.3040715621901853 0.8771684734103475 0.07697118087894463 0.1527354177159902
