10 0.21407257665112092 0.4874505529672786 0.061725651835261595 0.10889094850340451
10 0.38363212657739243 0.7491698281813499 0.06321295959970837 0.5016603436373002
3 0.46097511250171636 0.13794551716390696 0.1093212773459075 0.2758910343278139
3 0.4977873635226436 0.5372292808282014 0.19038266544932853 0.25511591085844787
14 0.6561917171245456 0.42833834300614804 0.1427869786611533 0.2768940535611838
3 0.810133943174676 0.35522585114727534 0.19930683884949876 0.38889615920420695
3 0.6755274329668617 0.732455133693183 0.26921297956394236 0.3748958559437625
3 0.85698592501602 0.7487887781049639 0.14576171674510546 0.4666753654098057
3 0.8082864279487527 0.9386949399827742 0.11736310006365623 0.12261012003445168
26 0.7176642832612754 0.8960348571366394 0.08467969202456652 0.13258651064997629
