3 0.5151156260570203 0.20763084270502644 0.18989868832992252 0.3535535136968392
10 0.2393130449104611 0.9580742500529483 0.09684773420327411 0.08385149989410332
3 0.7279363339280036 0.7664316777096554 0.11310060505145933 0.3387334735727616
3 0.915731037003973 0.428852189504316 0.07834842951127455 0.34181996980224
14 0.24497424237800638 0.5036811463197465 0.09317329442320407 0.34668279094073856
14 0.2807282079047103 0.17962061155152886 0.162365998917163 0.3592412231030577
14 0.6112307539422192 0.91459685209669 0.23807502833530692 0.17080629580662032
3 0.38681555608184337 0.9677689694224235 0.10419661376341416 0.06446206115515284
12 0.12132046162541783 0.9038674971687429 0.08395355428029593 0.19226500566251414
19 0.16833592696511737 0.5562070828958077 0.06115317633973676 0.14500759727519408
