19 0.6249764092870775 0.057386840625638334 0.09505164689141866 0.11477368125127667
21 0.8734371733680116 0.6169919206757901 0.06957526307874398 0.2637413029108078
11 0.6034698246449639 0.4186869363633557 0.12172041009085571 0.33347923893624043
18 0.5484386707012753 0.6461509198510158 0.3400232864239345 0.31203142184739296
10 0.6815554986235598 0.8695014541341919 0.17993626804228707 0.2609970917316162
19 0.4677115859409463 0.8314895029645363 0.24109969149878938 0.3370209940709272
10 0.36121192024403453 0.759405768679578 0.1311991263524342 0.2708694246753305
18 0.20150439469807593 0.712119751933949 0.18637801127857098 0.1670605165392665
18 0.11552888483226721 0.9314149832972745 0.06607414793356782 0.137170033405451
18 0.08613690580969151 0.3733995697666766 0.084424876767246 0.32536809679475576
3 0.15104886373839985 0.06831740417863758 0.14019425969018662 0.13663480835727515
14 0.33778991732188424 0.028706587383384975 0.07515018782421451 0.05741317476676995
18 0.322536339395137 0.3561850910619488 0.18919582319441292 0.2290075148659763
10 0.5100596576524454 0.45028982847697363 0.017793220897941175 0.042473079705495874
