3 0.4716962694649657 0.45820513979445177 0.14937195452084462 0.24136544262996867
14 0.5116621548456957 0.7587826511448043 0.08818624796968057 0.35539053009997246
3 0.5829101245262588 0.3340939977349943 0.11256632376827286 0.2706795016987542
14 0.4093094269546879 0.6645346712751578 0.12114239854229261 0.25861585279936733
3 0.6389910497668128 0.7435999531842941 0.18605819814505242 0.512800093631412
3 0.7841649688157684 0.4701583542093766 0.16425110405301932 0.5825300870991926
3 0.2582723132908346 0.9176840317100793 0.13288829639795077 0.16463193657984146
14 0.3825237295005779 0.8592196094335851 0.15062561194601878 0.28156078113282984
19 0.49214788172968227 0.09238958097395243 0.16598035998405725 0.18477916194790486
3 0.2172041206909402 0.6043126445173178 0.2639106552292303 0.5152255677822436
3 0.4796163633746565 0.9512888646106749 0.11881980612393564 0.09742227077865027
3 0.6675756506645728 0.9746111371538719 0.05513592156263259 0.05077772569225597
3 0.7845590796802818 0.9706863116853626 0.08356990493577618 0.058627376629274815
