3 0.0801301005322295 0.43660478865863045 0.07983441750443525 0.41284198605233363
3 0.08234772324068605 0.8038331470385152 0.10348905972797161 0.34326187604351344
14 0.24793021880544064 0.8230591155092613 0.13010053222945003 0.35388176898147755
3 0.3580721466587819 0.5278320440035281 0.11827321111768181 0.372640144713904
3 0.34254878769958613 0.8516642718462207 0.10348905972797161 0.2966714563075585
3 0.447146658781786 0.9336141791899424 0.15153755174452982 0.13277164162011515
3 0.5521141336487286 0.9668580095274898 0.15301596688350094 0.06628398094502033
3 0.5802040212891781 0.7257488013619501 0.16780011827321115 0.3046062593719466
14 0.7069781194559432 0.5958659293454857 0.18775872264931995 0.22111012736136207
3 0.6592992312241278 0.9088745845201396 0.1500591366055589 0.1822508309597208
3 0.8322738024837375 0.8671265185148475 0.19589000591366057 0.26574696297030503
10 0.14591957421644003 0.9105226490520395 0.04730928444707273 0.09895837867921106
