14 0.6548023822414727 0.43581540203850516 0.14254466702761234 0.27187995469988674
10 0.3877097996751489 0.7619174046071117 0.05140227395776938 0.4761651907857768
3 0.46312398484028156 0.1382559456398641 0.09229020032485113 0.2765118912797282
3 0.8085378534225952 0.36629671574178935 0.19662218162259518 0.34625141562853906
10 0.2136356253383866 0.4940543601359003 0.05452625879805088 0.09732729331823335
3 0.8342132247837171 0.7698355296247807 0.17693359374604747 0.46032894075043856
14 0.4980791076004984 0.5481936579841449 0.18440486005617704 0.23527746319365792
26 0.7200254316472112 0.9082446206115515 0.08628800460465531 0.11755379388448466
3 0.6742826204656199 0.7406851642129105 0.2642555495397943 0.35536806342015853
3 0.7711662687227003 0.9472766452880185 0.1297550616631155 0.10544670942396295
