14 0.7994205474120402 0.07678031461450993 0.12528150910252636 0.15356062922901986
14 0.7874112508113341 0.377277653872104 0.21368648062124262 0.36160705151548
3 0.6024598423866863 0.7271087090767698 0.3118705739651607 0.3218413394876542
14 0.517782092742359 0.2784350739249138 0.16300046887179087 0.2317258243990169
3 0.6178706271565495 0.029921938911122076 0.17373702670166932 0.05984387782224415
3 0.49122804729957437 0.09270228340689096 0.17812925490480136 0.18540456681378192
14 0.32651723478583083 0.08757530912997101 0.10977844610321703 0.17515061825994202
10 0.10105190169994396 0.631541246594001 0.045687028226101184 0.09255512934104296
10 0.10140192382411288 0.6586068294188955 0.016301474436261964 0.22800166008403253
3 0.20577774101243643 0.31269233535543317 0.20325331454919032 0.4025771885972192
18 0.09692251863552621 0.3591242159524936 0.016623617941957654 0.0485753295018623
3 0.10993491008016396 0.39436514127737404 0.02640993795034209 0.13239158432860504
18 0.40340289298549264 0.2295080176155292 0.04690040704974548 0.10096048876857648
3 0.39845325641728596 0.5487998201688812 0.19056702483209612 0.3191506479554404
19 0.22269435237644164 0.01775548506156692 0.03483379746898576 0.03551097012313384
