3 0.09931075439179908 0.06267318656046092 0.07167976166573255 0.12534637312092184
3 0.08312988744125427 0.35372824457233026 0.07500668084498473 0.33150166011799065
14 0.12985783140950005 0.23858835656999505 0.08619716902665127 0.3492154890414268
3 0.2364701073929522 0.08260123215340354 0.19477540579292124 0.16520246430680707
3 0.3758978462232101 0.10347826187877204 0.08528983297026645 0.2069565237575441
23 0.5231891540558823 0.15756870092571154 0.148198659118438 0.3151374018514231
14 0.6792514126354967 0.5394070087289858 0.12581762183758108 0.24103457909175294
3 0.4120401825611253 0.31513734610378175 0.17330170456844918 0.20623956140526703
3 0.43064063263453756 0.5159994980015588 0.16876502428652523 0.2511568216579363
14 0.24327521919212394 0.23131292305001183 0.19144848661366906 0.18662781200067138
3 0.24917291878800613 0.43597093980195395 0.1996145415798941 0.28089073398922804
3 0.23117734926592992 0.6513837437130809 0.2265322591426749 0.17777091346685087
3 0.11700386840882673 0.7488097868640824 0.09436322399287639 0.41943814864688767
3 0.3126866102581327 0.8884810374512807 0.2177612931663521 0.22303792509743853
3 0.4763100280232551 0.8111244524286609 0.1566671391309501 0.33656271768949236
