3 0.4768105709191524 0.18885090686838638 0.11773233854789673 0.37770181373677275
3 0.497399252567565 0.6694586088723745 0.18094826048831242 0.6077761398849166
3 0.847595795878312 0.19492120283480607 0.2094585194064352 0.38984240566961215
3 0.8058958178371985 0.4337076988217067 0.24013437225713335 0.301273569724918
14 0.716176103452079 0.6120587174033009 0.32924634117837964 0.34866285695985283
3 0.7778765510431811 0.8511303978537652 0.22698013459934702 0.28752051325984
3 0.6696156184295532 0.8905572829872851 0.2097877516804142 0.21888543402542987
3 0.5180813674118299 0.7455166708547439 0.19120202575933215 0.253611277577499
3 0.6465274239457157 0.01800553783383541 0.07744963585692434 0.03601107566767082
26 0.5880134731734082 0.46939703361782964 0.12365414860525853 0.17679972763565385
