18 0.2528176611656243 0.6372844334374829 0.12572869006354187 0.4118533554713078
10 0.09615151794764644 0.6140849198144674 0.15272301998096705 0.27778762321903144
10 0.24632389902219406 0.21087402469159322 0.1406040695933979 0.25956032904358295
10 0.18517230264304432 0.2869681597914387 0.05579528676613912 0.42482000268101455
11 0.2639552189576687 0.04941679890484479 0.19639935635953706 0.09883359780968957
19 0.180931837620085 0.048483115146483215 0.06695431500257096 0.09696623029296643
10 0.37956302065570546 0.0685570368053768 0.08391609421441962 0.1371140736107536
18 0.8119440324067928 0.09654217648258158 0.1757949471964753 0.19308435296516316
10 0.7597324088646703 0.7336674533411327 0.26490007242240676 0.5326650933177346
18 0.8825379253801566 0.71799316489782 0.053489954490804056 0.10648528492913942
