14 0.19612850692131176 0.7655504945446796 0.13990672884743502 0.4180678339770467
3 0.27940632171145163 0.4829676067638981 0.23243763416981267 0.3329058677965371
10 0.2886594122436894 0.9129690352817931 0.05551854319342661 0.17406192943641371
11 0.10803908505440818 0.7686472933148799 0.07180398253016507 0.15483993851001734
10 0.829780146568954 0.36374085411118473 0.1547116736990154 0.3019378800945336
10 0.42190391590791326 0.6037427588017115 0.0481160707676364 0.10683955757191187
3 0.4100599600266489 0.8161940737130323 0.14138722333259304 0.3676118525739353
3 0.4056184765711748 0.35212785872293345 0.20504848619438895 0.3623254561134403
3 0.6843215634021763 0.4303220276704921 0.1895032941002295 0.18735632559712084
14 0.5336812495373454 0.6424527434292159 0.1635946406099638 0.33600266656673744
3 0.6758087201125176 0.7945164823216299 0.17099711303575388 0.41096703535674023
3 0.741320601080761 0.937743425443396 0.08438818565400849 0.12451314911320817
3 0.5695832408024281 0.8827752472723398 0.08882966910948259 0.2344495054553204
