3 0.1884329550395879 0.7331501704226163 0.17459478594929814 0.31760775629038857
11 0.3183820738280525 0.7686622106115936 0.057365192587384956 0.060882954766667496
14 0.36407760634763026 0.662957662534996 0.1716986763241386 0.23530935834628186
3 0.4232895084665034 0.8209252427661538 0.12038210587749913 0.1903331280606153
3 0.4570328424559613 0.8947851192299281 0.21336353683437895 0.21042976154014376
3 0.6707907900509534 0.8299788741013999 0.2825787664328796 0.34004225179720016
3 0.7001858122061977 0.664349112038634 0.35750920529081615 0.4918613190487925
18 0.5193839057279304 0.3775653410670858 0.2110031925911102 0.2752023487127015
14 0.3469553267502397 0.38489754250920494 0.16756135882235212 0.2639519445634196
3 0.42783989653625626 0.1377112057695336 0.18535183670612504 0.2754224115390672
3 0.30640961838925507 0.029966889065607835 0.0790227579710761 0.05993377813121567
3 0.5428944332112504 0.1893290876794346 0.12205086630270098 0.3786581753588692
3 0.7923212123683283 0.23275087086289864 0.362805444470322 0.4655017417257973
