3 0.20296397368127844 0.2199549788365084 0.16058467441411567 0.2941155232604513
3 0.35432847540176055 0.4562116467133299 0.16058467441411564 0.39697553076830455
18 0.12305582206051117 0.6145197025055483 0.094506746661631 0.4275121100581738
3 0.2102632770637382 0.5847867174075175 0.16749980393434066 0.4162617913724328
14 0.36931125602891496 0.8547944639603057 0.14598606764919597 0.28125796714353557
3 0.27787787681705 0.8900300530121575 0.11678885411935683 0.21993989397568495
3 0.3962034263853458 0.8112778222119675 0.15366954489389045 0.3774443555760648
3 0.7565585091615189 0.5823759838794986 0.13676589495556243 0.19929145767098488
3 0.6213293096548953 0.8683330098325135 0.3242427397261091 0.26333398033497313
3 0.8418451534738516 0.9462816464408647 0.12139884667372669 0.10743670711827064
