3 0.6291388601809871 0.1912232621665754 0.15933389681703156 0.3824465243331508
3 0.5971315757648867 0.4667024079926543 0.1761757945112896 0.2599778834733723
18 0.5096745734198697 0.5387404992456633 0.20674511045388777 0.41646942498161593
3 0.5394394336797679 0.6632606505532977 0.19709164226148837 0.35925746356999977
3 0.4668373083160971 0.8154342920829194 0.23208546445893632 0.3691314158341612
3 0.2864381214706328 0.9264928054113503 0.3056931594259819 0.14701438917729956
3 0.13158040255089196 0.8962041199581419 0.11503716262609313 0.20759176008371624
3 0.12132359259646752 0.6519023935083448 0.13957306094844174 0.3735604539229038
3 0.2504387296698099 0.48110786164719715 0.1500309848235411 0.281011692815878
3 0.33229209538453003 0.5707118894462722 0.10136141602019402 0.3070936164005853
