3 0.46821407451212305 0.7017823190255787 0.23506800709639264 0.457682501391351
3 0.5394696820038697 0.5021563429869544 0.20048109725778404 0.3714199080737206
14 0.5985283645991055 0.3141270519498002 0.17698230096145812 0.2712412927543262
3 0.6204908338261385 0.11354567314936917 0.1404494382022472 0.22709134629873834
3 0.25088704908338266 0.3283079078299411 0.15523358959195743 0.2923587703336497
3 0.11701255604289985 0.5028683011720836 0.1479973598243127 0.3761808903709132
3 0.2817779210745638 0.8353677586958604 0.31817094673319085 0.23006148733585907
3 0.12461838959528734 0.797485254357725 0.12391520188571167 0.26936908006078425
3 0.2705701293978612 0.969694092003632 0.09418861377929615 0.060611815992735955
3 0.20599526948350708 0.9802632672659092 0.04221313279273051 0.03947346546818175
0 0.5188497930218806 0.9668580095274898 0.03178592548787695 0.06628398094502033
3 0.33212195876318373 0.4338983094833551 0.10333321380076115 0.31311166705622273
10 0.512196924896511 0.38480075471706127 0.20623891188645768 0.38963760084605414
