18 0.2002950730914997 0.5027742790385995 0.18810503519220353 0.16396305411343895
18 0.09149080809461888 0.17929136423470726 0.08587599074091924 0.3113800104626195
18 0.3215044220859251 0.13630237825594566 0.19054538992171488 0.2726047565118913
10 0.6826430644011916 0.6745787747677836 0.1802942500801308 0.312142789225453
18 0.8743665403356794 0.40781993204983014 0.06881970763400103 0.26490373725934313
18 0.5473881372930536 0.4000154875203208 0.33776297825634016 0.3093687984587923
19 0.4681495096057277 0.6939610315242702 0.24341325851843962 0.48356151566040645
18 0.10466190383113902 0.7922219426832574 0.07393669342297103 0.23164660337330975
11 0.6054683090754844 0.2027698833428204 0.1217649884812342 0.3160040928464562
18 0.12519609719419514 0.9453736516940572 0.03766169346312077 0.10925269661188541
10 0.3609694652217279 0.5577357993264545 0.1348088142258021 0.27595230018235056
10 0.5855832006786373 0.5838287347891197 0.025850547121411077 0.08085110266302324
