3 0.2605900764645991 0.12564756389723408 0.2005388029827506 0.25129512779446816
14 0.384678210518304 0.2569203116610875 0.16135302213858513 0.3262591928390043
3 0.4108020331502654 0.07662831819507503 0.12754572226192915 0.15325663639015005
3 0.5129922805047026 0.15939854447820692 0.095275117834212 0.31879708895641384
3 0.6466847845623874 0.2100249540402948 0.19055023566842436 0.4200499080805896
3 0.8045802888370833 0.07903912529433958 0.12370388984713514 0.15807825058867916
3 0.27442031205693745 0.43612179191736306 0.17134154255668788 0.40822584945404594
3 0.3809507420889743 0.7393456554354361 0.11112521373464757 0.35995882612747576
3 0.46350090086328394 0.45376946496529846 0.16192531144191516 0.3068283720865199
3 0.49969597047971204 0.6490238835658111 0.15049528945777985 0.33605012180904553
14 0.7086113723008496 0.5460836288614592 0.22542543357599956 0.40910449611535993
3 0.8105290683260551 0.45111296253091043 0.11811022716939683 0.22181968615631018
3 0.5466415453499518 0.7950346158165098 0.20361214698440494 0.40993076836698034
3 0.7853715488291236 0.7897032363263793 0.24049283775893862 0.19286260604128158
