3 0.16540824635428233 0.7028403194481225 0.18506181064475533 0.3731642518091416
14 0.37069301570113694 0.4702321630804077 0.2597401191120736 0.34524348810872024
14 0.408857606930157 0.7725084937712344 0.15121819166215483 0.21856172140430352
3 0.09930698429886302 0.32161381653454135 0.1138170005414185 0.34105322763306906
18 0.3953307063573852 0.9312198373350696 0.19335591267775804 0.13314356428795812
3 0.21559285327558203 0.05575877689694224 0.1504277206280455 0.10932049830124575
14 0.09490254466702762 0.08803510758776897 0.08892799133730375 0.17607021517553795
14 0.5104006497022199 0.26642695356738394 0.1447861396859773 0.3860135900339751
18 0.1121104448885928 0.5820651674103091 0.09623214153527279 0.1997435206779223
19 0.8716041157746689 0.3830958464249369 0.048856318010215304 0.15174313973981685
