3 0.4630396215257245 0.06406648380976367 0.08426966292134834 0.12813296761952733
3 0.3809875813128327 0.1822508309597209 0.1788882318154938 0.2659506427003797
3 0.6774098166765228 0.1336465938185839 0.16558249556475457 0.2672931876371678
3 0.47412773506800715 0.36470534164951623 0.19515079834417498 0.29687513603763316
3 0.28673861620342994 0.5216471453360774 0.12936132465996453 0.2489421713648902
3 0.28119455943228866 0.6901856340241087 0.1212300413956239 0.20255543135901014
3 0.37581312832643415 0.7643025781684797 0.19071555292726194 0.4713948436630405
3 0.40685984624482563 0.8787232035163175 0.20106445890005908 0.24255359296736506
3 0.6164251921939681 0.7249756890285189 0.20032525133057358 0.5164390387321328
3 0.7117829686575992 0.48994953966539273 0.24763453577764638 0.4886069947286045
3 0.6759314015375518 0.8423869238450447 0.15966883500887047 0.3152261523099107
3 0.8533412182140746 0.7249756890285188 0.18923713778829088 0.25358084536547837
3 0.8075103489059728 0.9606731108600391 0.10792430514488466 0.07865377827992175
