3 0.33006570317129297 0.2767222420652324 0.04476439937468242 0.09819038324592123
3 0.47106438913356846 0.35861599986214754 0.10501486123574151 0.3628995092130182
14 0.3790969236866044 0.6203945049459683 0.17446017269808675 0.2388961901653342
3 0.4713047046464045 0.8060986627973245 0.1880104773736662 0.2550925420409501
3 0.2856720519428477 0.9043339341866048 0.12558228797546045 0.19133213162679039
14 0.3617742856972819 0.9854500037974387 0.03361875485443892 0.02909999240512245
3 0.419437306296441 0.9765434996196758 0.09194849601286126 0.046913000760648485
3 0.688158142796768 0.8449480795699128 0.21486911699847575 0.31010384086017445
3 0.6054044963851929 0.950224366761416 0.08226970695887587 0.09955126647716805
3 0.6733361185465916 0.4338331763087513 0.15728032212726265 0.5395409718564539
11 0.6454242745097465 0.07908311431271668 0.12001698426941894 0.15816622862543336
