18 0.1862063867534004 0.9266561681890603 0.11901241868716733 0.1466876636218794
3 0.07902128917800125 0.24023425596707107 0.07613837965700768 0.4159344353860589
14 0.3735955056179776 0.15761307615495534 0.15671200473092847 0.3152261523099107
3 0.1669869899467771 0.5703532223422515 0.11753400354819633 0.34944677471096397
14 0.34476641040804257 0.5510254140064681 0.09609698403311649 0.19018563402410865
14 0.4889118864577174 0.6979167573584222 0.08722649319929034 0.3448081007103758
14 0.48706386753400366 0.9467570888582751 0.12196924896510947 0.10648582228344974
3 0.32222057953873456 0.9359335161902365 0.1012714370195151 0.12813296761952714
0 0.42151883928380884 0.30176759447754137 0.06093196833610424 0.0887175574766471
10 0.13009407659246114 0.14644984053559928 0.028600286180600492 0.12259055249360738
