3 0.3056011157430628 0.08974491855532515 0.14275996406401437 0.1794898371106503
3 0.46688125439352635 0.09566119040898377 0.1087069307529124 0.19132238081796754
3 0.405647609921723 0.29134342156208143 0.18438897297775064 0.22882507352270703
10 0.2724175529065439 0.35033586675203604 0.10796221252733193 0.19969917280900126
10 0.38259751437908956 0.017152867365412945 0.05765381026373336 0.03430573473082589
10 0.6361058684733971 0.5581458889630058 0.16812720359177763 0.339337641002026
10 0.8639143589569249 0.6110028230277335 0.13407344070912935 0.23837889965342282
3 0.8791470335351573 0.8395253594275861 0.18991677024679923 0.3209492811448276
3 0.7438171106204475 0.8998867402395907 0.06084162790955416 0.20022651952081852
10 0.7866052386265121 0.8972106256548951 0.12253614194201229 0.20557874869020976
10 0.2578599459229028 0.9657031992866845 0.06799395719587763 0.06859360142663116
3 0.25257153337020277 0.7412460165239942 0.10979770998299777 0.34871516680186726
3 0.3772271321298329 0.8587709092756666 0.17074041521798258 0.2824581814486669
3 0.39586252637602987 0.5200067691346246 0.17376239845925862 0.24968429821880286
3 0.5215254740171276 0.7665305429897121 0.1420318808743073 0.3466081947668563
