3 0.6868408229561451 0.32110419026047565 0.1883540877097996 0.18137032842582107
3 0.41128045479155384 0.7181370328425821 0.134981050351922 0.37013590033975086
14 0.5342501353546292 0.5289051212752677 0.15904710341093672 0.3395850009375736
14 0.4047319978343259 0.24017553793884483 0.20263129399025445 0.35661381653454133
14 0.19670005414185165 0.6547253551786018 0.14035192203573363 0.40990371148970617
3 0.6743963183540878 0.7105322763306908 0.16769897130481862 0.43966024915062285
3 0.7022712506767732 0.877955832389581 0.1828316188413644 0.2423895809739524
3 0.5666648619382784 0.8423952434881088 0.08004331348132102 0.3119026047565119
3 0.39152138603140224 0.9436409966024916 0.18681104493773684 0.11271800679501695
14 0.2785950189496481 0.36737259343148354 0.22839740119112076 0.3301245753114383
18 0.8296304451167359 0.2475851727546391 0.15570177854905512 0.30685429326233643
10 0.42026054241357835 0.49763637023844237 0.04918850125550314 0.09798971236468124
18 0.28690521639085687 0.8317895581676793 0.06302080722540628 0.20706394372232437
10 0.325897542322558 0.8170422714781533 0.02532342938737792 0.05236791599954123
11 0.10947710063767294 0.6690437860136592 0.07456988821249344 0.15312697806869968
