10 0.18471173858512438 0.02609991187341643 0.09248951576644966 0.05219982374683286
3 0.5900676475296235 0.11001969302094679 0.10472259726396803 0.22003938604189358
3 0.6259257385862133 0.46166304774085515 0.15211078470579661 0.42067975349787357
3 0.59385315839123 0.7532634541502123 0.1750471494742742 0.25088209794492916
3 0.528688004531772 0.8838636453530638 0.1750471494742742 0.23227270929387248
3 0.41420943380053254 0.9474564091460349 0.10829018820834224 0.10508718170793041
3 0.33265297334052907 0.8334074089080868 0.09823534576304102 0.3232127237094266
3 0.2514404292594426 0.7682684435651793 0.150081699244588 0.2895002002789591
3 0.133281467169951 0.8666290327094694 0.11452027483582973 0.26674193458106105
3 0.507293305519161 0.7654509397081949 0.20038164536042163 0.35898433478660824
