3 0.08107730642808203 0.320961690907382 0.11179136046845227 0.5721645371411658
3 0.47627069187452503 0.13205471575492733 0.19573418998169667 0.26410943150985466
3 0.7241231182996527 0.03183858109133017 0.1695864928467371 0.06367716218266034
3 0.9014152082154363 0.22580806050461208 0.1247618691868066 0.45161612100922416
3 0.6497889507302679 0.29042627408730154 0.2599828172275971 0.31757289173681724
3 0.5587368917215197 0.6498535917604032 0.08797240833164216 0.30439524014027924
3 0.647468509589674 0.5960279569595636 0.13326851839096276 0.3689481948777985
3 0.785756975832057 0.9390386225118083 0.20320496059168497 0.12192275497638351
3 0.9559013804718249 0.6341997851006765 0.08819723905635013 0.43476707852949525
3 0.7141263052468665 0.8382465330512939 0.22693397200225146 0.3235069338974122
3 0.879315989465578 0.7168829323337235 0.11673900051296401 0.3891086994162519
3 0.8207484100833093 0.5023440283097365 0.1780467157491111 0.4156743535932651
12 0.5141502191508073 0.5454473845552699 0.04255279722734495 0.1186787715800773
