11 0.8509888524344305 0.9742402209641922 0.049027653141361774 0.05151955807161555
3 0.7093303533307455 0.431901472807426 0.16858704551844314 0.4366991279046835
3 0.6432828937713427 0.5510406412081403 0.14643616938047027 0.3551540763807341
3 0.5360280913720955 0.5586340258090049 0.1343868875326734 0.3559970270616333
3 0.4238985573454685 0.35913862012343584 0.27075758443855297 0.5776509070260551
3 0.40066796608375493 0.147111210518105 0.1475288840565187 0.29422242103621
3 0.37734792753620056 0.4271722707149274 0.19132349021782247 0.3673002885580517
3 0.16213591367094712 0.14526826796611048 0.20513539254574203 0.25215481395857264
3 0.18332042299444612 0.3473370005077892 0.22700718539352385 0.2074117584711252
3 0.06996417467317913 0.39622613251148575 0.09523509513430031 0.22842279617940398
3 0.18988624729733927 0.5464183292096504 0.20265372844396398 0.26546125369468276
3 0.2666501498407125 0.7501873754064191 0.13762650119876427 0.35506227639712584
3 0.34259433470725653 0.7549689516036281 0.14028131497454052 0.27586571055802184
3 0.4059604250811806 0.9120230123109299 0.09335592232919777 0.17595397537814014
3 0.29214241849629496 0.9056307376795151 0.1508016998419115 0.18873852464096968
3 0.15751221924717507 0.8283355796756013 0.1258579074844322 0.3433288406487975
3 0.09098111972480684 0.7596739727346928 0.08946845084143244 0.36231632050549273
3 0.11261751858565272 0.9616795484544592 0.050549874500355745 0.0766409030910816
