3 0.4677043854899838 0.11839184597961495 0.08191662154845693 0.2367836919592299
18 0.38775311315647 0.7198727126842245 0.05107742284786142 0.4939394038469551
3 0.8114537087168382 0.32161381653454135 0.19146182999458575 0.3504077010192525
10 0.21361938278289117 0.4542695356738392 0.05419057931781269 0.09739524348810873
3 0.8498835950189497 0.7129728199320499 0.14968597726042232 0.4332389580973953
14 0.4991689225771522 0.5063703284258211 0.18374120194910673 0.23385050962627407
3 0.674550622631294 0.6972480181200452 0.2653762858689767 0.3552661381653454
14 0.6557309149972929 0.39099660249150625 0.14217108825121827 0.2738844847112118
26 0.7178938819707634 0.8659966024915062 0.08831618841364369 0.12021517553793883
3 0.810903841883189 0.9103258370515456 0.13176400917906586 0.12542035019311396
