3 0.4822590183323478 0.6407064446845033 0.19810762862211712 0.36027034737900265
3 0.7553182922936391 0.6042071709998909 0.1649991339224795 0.36832745873999506
3 0.870712596096984 0.40226185796097247 0.1500591366055589 0.5310070367872548
26 0.7730814734383603 0.43445924987966017 0.03836193107095017 0.107642923731251
10 0.2948120387823759 0.9337136534587013 0.18713137107780595 0.13257269308259748
10 0.20175915971249356 0.44537284651497544 0.16909941496284386 0.2957391801368235
19 0.6692785334121822 0.0756631688112337 0.21584861028976943 0.1513263376224674
11 0.18878071923337514 0.030566445971493387 0.10947185208051653 0.061132891942986774
10 0.10404946772187076 0.04212134536928072 0.035864662596033395 0.08424269073856144
3 0.1270697811945595 0.3121337029761854 0.1530159668835009 0.27522799070155574
