10 0.19168702346583757 0.5294195883169032 0.14730920127322522 0.2988410813243334
3 0.24202383596121108 0.3157404731730794 0.19616551928344067 0.422713032132347
18 0.12432452439114668 0.8866462457350902 0.15027019024354135 0.2267075085298196
14 0.2546080390850544 0.8647225888691428 0.1887630468576504 0.27055482226171446
14 0.49218198917732475 0.9123432156848803 0.12398103854529247 0.1753135686302393
11 0.6781260042187095 0.9534806380007232 0.07939953971286498 0.053793214811251336
14 0.8480357149043104 0.5741194562611177 0.1986252827955185 0.4192088049147656
3 0.6961655192834407 0.7640020951595793 0.15989340439706864 0.37780944996444205
3 0.8423643496927974 0.8634202549585877 0.13694573987711886 0.27315949008282475
3 0.7688343177522433 0.9444805598624765 0.10190498208378815 0.11103888027504698
