18 0.8709853817000541 0.6834541336353341 0.17801840822956141 0.31295583238958097
3 0.751152591208019 0.9008607021517554 0.2275785987668771 0.19236693091732732
10 0.5734653893133388 0.6654733776324779 0.14176564597914101 0.29843036817785257
3 0.5850054141851652 0.9050736126840316 0.15909583107742287 0.1896942242355606
10 0.7989841729769037 0.29751415628539074 0.17484977529869095 0.33432616081540206
0 0.6219653492149432 0.25527746319365796 0.2969680563075257 0.5105549263873159
27 0.8042416166999778 0.45682427100526996 0.20578873343696796 0.21248962333487342
3 0.6965356429047302 0.5851619661805094 0.22429491450144348 0.3019378800945336
25 0.8878895551114073 0.5294195883169032 0.0562587904360057 0.09445236249111051
10 0.776852468724554 0.9439370229837966 0.22799615071433854 0.11212595403240683
