27 0.4996298763787105 0.15238433804501117 0.04515508179732029 0.12077515203781346
3 0.379709823080909 0.42799942859284185 0.139906728847435 0.6874893269844766
3 0.585498556517877 0.05838557609385361 0.22281442001628554 0.11677115218770721
3 0.6943149011769931 0.20890091560116753 0.11769931157006441 0.39793864197074436
3 0.773891479754238 0.16445093397321545 0.11695906432748532 0.3289018679464309
14 0.874269369074156 0.08548256533310665 0.09401139980753566 0.1709651306662133
3 0.7605670293878156 0.5588391766338066 0.15397142645643644 0.5187137940085577
3 0.8797468354430381 0.5147097941584516 0.1524909319712784 0.39639024258564415
14 0.586979051003035 0.30722427655502843 0.11473832259974837 0.4397454253684489
14 0.47770386177640833 0.4605158156799455 0.10526266878474302 0.36542225488364066
3 0.5595899030276112 0.788280805166818 0.206528980679547 0.3621009230503779
