18 0.12381643227744529 0.6498051554129499 0.08789661730842803 0.4146977978275588
3 0.3709035424664522 0.8785272999294821 0.13379813058071363 0.24294540014103577
3 0.39580757636876324 0.8300097134052247 0.15235414958315913 0.3399805731895507
3 0.6209205140686389 0.8902736360564075 0.3095913167655053 0.21945272788718495
3 0.8387088042895731 0.965348252233964 0.1123123107051688 0.0693034955320719
3 0.7544744986125997 0.6125231661190096 0.13135657334905565 0.18487760314621274
3 0.26420680855089024 0.9025307617334065 0.08740830101889001 0.19493847653318708
3 0.35356835051190016 0.4960809787221778 0.15381907423574095 0.3932479291997423
3 0.21098055093553406 0.622226723946634 0.15381902580367657 0.4024407734574916
3 0.20341167266372667 0.2565571882231084 0.15821387240951892 0.2757842893364275
