18 0.21170904790065057 0.8957317220388391 0.17297457125960974 0.20853655592232204
10 0.2157747008122332 0.5927735271987924 0.19293315307689374 0.39737983375777103
10 0.08623011938462782 0.3594187935153618 0.034619303649394105 0.18495011441096756
3 0.14119995963873333 0.21116513410936766 0.15485120956688442 0.3659859332203411
3 0.5622455302868062 0.8815398936856007 0.1997627386255579 0.23692021262879856
10 0.3442375115351434 0.682347639368236 0.07719169056959498 0.33956446590675227
3 0.4106691625447551 0.4215582371239053 0.15952952239781076 0.5577860593346641
14 0.5231818851282953 0.37067249136004116 0.10105094038201523 0.44427170339989036
14 0.6188527985918236 0.35697248288515465 0.11836059220671234 0.42274311865364017
14 0.5259888842484437 0.07328974779612751 0.12818498918829704 0.14657949559225503
3 0.8129253728150221 0.531694643096219 0.2111158701303387 0.506792191443273
18 0.7905788244261001 0.9614297449449065 0.13701951560829095 0.07714051011018686
