3 0.5357169840929251 0.1466285127302156 0.25910307244685205 0.2932570254604312
18 0.3440915740480124 0.0856218842285021 0.1479401775472229 0.1712437684570042
18 0.23510549525719274 0.13365419669702824 0.02887237742146909 0.040155113593703926
0 0.24278431377434734 0.2075396031213207 0.01935063905759355 0.054289725742864975
18 0.09666447615894522 0.6826988626607984 0.07182838363354832 0.23044460516418905
18 0.12178440309294829 0.933082878002769 0.06794578316304851 0.13383424399446198
12 0.1801449655588988 0.8938292734591222 0.05314332075664015 0.15481404940125618
18 0.26939569748291337 0.978106182240841 0.07425503183838587 0.043787635518318074
18 0.7656178798584092 0.8271734649426259 0.20206672623781893 0.3456530701147483
25 0.8850817186946787 0.33423980480068866 0.029604973689136914 0.07918359587452016
12 0.6513507382652668 0.94865823632866 0.10044100303778139 0.10268352734268005
11 0.6160540346177964 0.9052749383747964 0.1468114160429256 0.1894501232504072
10 0.5542961768841533 0.9824282000550747 0.0820202572175458 0.03514359988985064
3 0.6767646326201622 0.9573400263455968 0.0801148242884235 0.08531994730880664
