3 0.7948072227769921 0.9030125399969104 0.16951379676128464 0.19397492000617908
3 0.8560536247703614 0.6118953950433252 0.19216634306105257 0.2486752313160848
3 0.6782536309947039 0.7958848936155261 0.15868879651344603 0.40823021276894794
3 0.4083244694688832 0.8216448771250833 0.20350126571685048 0.3318285448646944
3 0.6181649013513406 0.6062685907509818 0.19849278289659592 0.5127892575756032
3 0.7120634465045939 0.36444724290953917 0.24838476291939257 0.483267715363869
3 0.6680119251552032 0.0788246404152425 0.14030268685464883 0.157649280830485
14 0.3800008712025785 0.10417509655237503 0.1787929154898691 0.20835019310475006
3 0.4740368883118053 0.24929942273546518 0.19259843006065086 0.2996629852834644
3 0.28460691772849933 0.40149790154418963 0.12515503255481733 0.23386019231992775
3 0.280304222009044 0.5748223344188421 0.12176023049311245 0.1955147054417253
3 0.376942912065483 0.6659520901156575 0.19010891545547634 0.5179009377941899
10 0.1264869296429954 0.9221431551191377 0.031224825231330484 0.08868318795222772
