3 0.08160851567120053 0.7426554328324023 0.11531638083973977 0.5146891343351954
3 0.4693228858663513 0.5355631673378415 0.19145476049674748 0.40974953671860814
3 0.7236102897693673 0.3840331499852996 0.22102306327616794 0.27058931670096764
10 0.8559284447072738 0.03932688913996091 0.13823181549379066 0.07865377827992182
12 0.51071850975754 0.9467570888582751 0.04804849201655822 0.10648582228344987
3 0.6471023063276169 0.7559001823657724 0.2616794795978711 0.3277996293748865
3 0.6301533210743665 0.9406526152520036 0.1362238706101328 0.11869476949599275
3 0.6508593494071067 0.9657276809750938 0.12423616999644117 0.06854463804981258
14 0.806154561902658 0.869986520941477 0.16346864473215922 0.2600269581170459
3 0.8942814237075941 0.6709760360122919 0.13776983214312455 0.4822565039731154
3 0.9337745464764214 0.9295961180891364 0.06809389975717277 0.14080776382172708
