27 0.5456003504741572 0.9731604125706312 0.030275513087229512 0.05367917485873755
25 0.8576332486873526 0.9330423736314452 0.05859766415217797 0.07762815870019854
27 0.4512076253362051 0.21861760729253923 0.13536980528600892 0.39373955443517655
11 0.33506198224207195 0.9188550520283293 0.12655872184495462 0.16228989594334148
12 0.4730350125277855 0.9678630985630933 0.08050100415047715 0.0642738028738135
3 0.5935861973424459 0.7727849500661986 0.12295420757131151 0.2588627444572528
3 0.7648009232604989 0.7706906036615387 0.23629636383868555 0.22283991982574325
3 0.6816967338329843 0.5218807385644932 0.4145198564769704 0.2529985579063652
3 0.8801456382144163 0.35852068038601426 0.14578286417549682 0.25299855790636516
3 0.8074544480923885 0.07202915617865628 0.2006516653110286 0.14405831235731256
3 0.2878027333079352 0.07745766462528494 0.06167734575137655 0.12817473115015007
27 0.13166998909857405 0.9565038288889812 0.040411676541512245 0.08699234222203757
