3 0.3297431342068251 0.0367079847024512 0.05033681249537348 0.0734159694049024
14 0.46964986305426015 0.13967654381161268 0.105115108446221 0.27935308762322536
3 0.6765489673550966 0.2163223133740712 0.16359464060996373 0.4326446267481424
3 0.7076393515434154 0.6641303348206183 0.24946332074913014 0.5156169952383575
3 0.7180028129395218 0.903678638971192 0.07920645495595537 0.1926427220576158
3 0.8486564512547191 0.8719364515766387 0.17321785476349089 0.25612709684672286
3 0.6158486934636169 0.8100004761726317 0.2006070027389149 0.37999904765473663
3 0.4718706047819972 0.527096989239253 0.19542527204086171 0.2910990843988325
3 0.42671552298467685 0.9485822211390971 0.1554519209415945 0.10283555772180585
3 0.3885927899918573 0.8417426635671852 0.17395810200606998 0.31651467286562956
3 0.29347101932045305 0.8406478647220379 0.15249093197127842 0.24000190469052687
3 0.28828928862239994 0.6842595268269205 0.1317640091790658 0.2678730936223298
14 0.38082019394477756 0.34748266056763294 0.18062032718928123 0.26013109669682893
