10 0.1864779240529462 0.04951413106990037 0.10979008219896332 0.09902826213980075
14 0.5896951437763363 0.1653264707266222 0.10848308588692496 0.22555060602177818
3 0.6240115283428823 0.5180292975313454 0.15498624704431135 0.4267396271092028
3 0.5947659329518493 0.8127407165365816 0.17445084149127807 0.2598391949792229
3 0.13805983654088747 0.8938062944523221 0.11882101058789489 0.2123874110953559
10 0.33005485108328975 0.8591819240209241 0.09933394592132781 0.2816361519581517
3 0.5276841035602257 0.9125402583450334 0.17383436983775344 0.174919483309933
3 0.40678428035389647 0.9740540780013748 0.05881613660930805 0.05189184399725039
3 0.5061181552260835 0.8182190764617444 0.20128183710063857 0.3635618470765112
14 0.25260359345803757 0.8254717689533402 0.1523069865575872 0.30276923223874513
