3 0.3452254980948795 0.0948836652852206 0.1685910171842815 0.1897673305704412
10 0.5190727538685956 0.09592805220315732 0.21249841927402488 0.19185610440631465
3 0.7257168079840519 0.07808810604878236 0.20097494262147617 0.15617621209756472
3 0.7047999425277571 0.31066482364149006 0.36511963557702587 0.49171830845663195
3 0.6813724526859508 0.5719706518532158 0.303289500297328 0.5057840165839582
3 0.4487562357419151 0.660203846092873 0.23553172008580261 0.3994616819183474
3 0.3953296390043054 0.9442338321659643 0.15141324862658748 0.1115323356680713
3 0.42247645062057293 0.49459927718211355 0.12161436676047449 0.2090447197113205
3 0.3642644703575841 0.3362522564350358 0.17410117206722037 0.2377748106656831
11 0.3233958378455825 0.45135413650524214 0.07057886845939468 0.09394581451511858
3 0.1867304075647585 0.39157048073320616 0.18035783793684523 0.3217328889307044
18 0.342900084330474 0.8296463877643167 0.06704953462794379 0.14506514661941944
