3 0.4702573615985805 0.23351298853143945 0.17165487939201168 0.28211559750969717
3 0.853032468463219 0.8459754034842951 0.1371706355303323 0.30804919303140976
3 0.24381080936729407 0.762479678829908 0.22453075505910647 0.24043942719430045
3 0.43462360786232523 0.7400387254267785 0.1647580306196758 0.42317350632897216
3 0.5656637345367059 0.692752323639626 0.10805066584578164 0.4600408517792221
3 0.5074236636206533 0.9325336457025909 0.21226968472842286 0.13493270859481798
3 0.6936386330925011 0.9694009361206275 0.1616928288104801 0.06119812775874482
3 0.20511181435775794 0.9437541086461025 0.11494748830872716 0.11249178270779506
10 0.20779391198223682 0.03180123035728169 0.05287582304831458 0.06360246071456338
10 0.25952027777475556 0.0451687742313851 0.0214568336146113 0.04007321952164553
10 0.04840008976621395 0.5917676893742098 0.08659380592178008 0.24845404358252268
3 0.1752254784474328 0.46353335938883716 0.282004486058775 0.22280721610799742
