3 0.4833236253866375 0.16721892552195192 0.15770113898590898 0.33443785104390383
3 0.3074730849690262 0.248301941896901 0.1458049393933313 0.34581979552663367
3 0.42626268686622865 0.5163497657483728 0.18423890361289233 0.29669039121130975
14 0.3446894057741278 0.7698074159405609 0.1634967568787418 0.2673404062824648
14 0.3634553895235339 0.9508529759727808 0.16837725295763192 0.0982940480544381
16 0.19201165614850255 0.9653211209217919 0.09883014543458042 0.06935775815641615
3 0.5507290195426779 0.5321793433026276 0.13665401308529926 0.5812579953872087
18 0.5165359531893748 0.7603806979031806 0.2051341699677081 0.2598576563493305
14 0.629309394482624 0.9007747394606394 0.220679238039311 0.19845052107872124
14 0.7928695776652248 0.7016833266186843 0.37441437900981733 0.5966333467626317
