27 0.1709229190200877 0.16014606304226214 0.07959651026702087 0.3202921260845243
18 0.33517503978296553 0.23422287044356188 0.09106380411904925 0.26244068113473795
14 0.46367618559540175 0.05714515055389727 0.11332384512592802 0.11429030110779453
18 0.3669417561604512 0.8254010767789601 0.10292696513697476 0.20177471561021398
10 0.4878603058178434 0.8552807106695972 0.025804347234775274 0.2894385786608056
13 0.6011393726472847 0.9131184051236026 0.12074385879488758 0.17376318975279467
18 0.5796934821998128 0.4708042182051213 0.08701555023657288 0.18097319853699595
18 0.678642593611687 0.45988342174168195 0.11187713601845088 0.22361630853709283
18 0.8323945549229156 0.12158032431510192 0.18545607562800137 0.24316064863020384
10 0.7894714005019595 0.7828128276802727 0.1234420455836002 0.4343743446394546
10 0.8530087577107963 0.7934416277892643 0.10242973342133721 0.2007346397565531
18 0.8818664328695017 0.5528078658162301 0.17258445887919854 0.34282939202313645
10 0.8897482964225115 0.33506958700764483 0.0559246814080642 0.2723568196641549
