3 0.7517406605305901 0.5071744054360136 0.2765186789388197 0.30535673839184596
3 0.9114185165132647 0.2086409966024915 0.11290741743367634 0.417281993204983
3 0.6253167298321602 0.17517553793884486 0.14882512181916627 0.3503510758776897
18 0.18265321391331493 0.17415364236763173 0.16772115441027902 0.31529724530401193
10 0.746816459122902 0.9393714609286522 0.16451543042772057 0.12125707814269542
3 0.7940859180694692 0.21530577576443943 0.1964338827009307 0.2938278595696489
19 0.2677260422306443 0.9121121177802944 0.16978884677855982 0.17577576443941115
13 0.15928262046561992 0.5744790486976217 0.1558689767190038 0.40091732729331825
18 0.27041649273956025 0.2485653588403226 0.10336963756886339 0.3663928571450084
10 0.28401661970350983 0.2979346014459297 0.13196080057910436 0.3419436200926067
10 0.21384413864416663 0.6271040254232361 0.21086410919796594 0.42448403681140173
