10 0.6895116244183533 0.2195662957259754 0.060817124453632514 0.232302320522588
18 0.7811527404796056 0.3571301467401195 0.12609187083522783 0.4549653720705307
10 0.8675054046710325 0.23236618272929235 0.16492438668743992 0.3331255797332318
10 0.8860197335788093 0.04320242845801906 0.07141498486999834 0.08640485691603812
3 0.7919212131800663 0.08433387819415043 0.16667331870862787 0.16866775638830087
10 0.5969578903161569 0.0764093910694107 0.1329171465533827 0.1528187821388214
3 0.2894106786577555 0.4229424816032947 0.1708933037170966 0.33085578364455775
3 0.124014137550938 0.6370776704903912 0.09255842932906334 0.40542906153836067
3 0.19746778686659408 0.7305261579407274 0.1281922908138463 0.45651996243439075
3 0.25255889109112933 0.9654768016851383 0.1761328678398847 0.0690463966297234
3 0.4879330130208318 0.8665926250737782 0.22899236825151512 0.2668147498524438
