18 0.3380269519616884 0.12209714717827873 0.08515264063773893 0.24419429435655746
10 0.4874969850103539 0.7913710654968298 0.038650862407572026 0.4172578690063403
18 0.3679209364552312 0.7141189077354044 0.1026662858848458 0.2021181269605995
18 0.5812394686588681 0.3443116820843655 0.087322587669927 0.1836674643117692
18 0.6807775564042918 0.32862658954684004 0.11223733996282027 0.22515709979014736
18 0.8022148415879566 0.7247103610961823 0.14290819754108566 0.5505792778076357
10 0.8569456302812086 0.6764771075925639 0.10581288504989524 0.20225190632286671
18 0.8833988654624453 0.4182560863079694 0.16844923876002582 0.3421745991056073
10 0.8870475717178168 0.16098911256375814 0.049257722350813354 0.1812635009497391
18 0.8262355641759904 0.05871112584893137 0.16723301726033163 0.11742225169786275
0 0.5966702207429261 0.8412043376813009 0.11371846398553674 0.260765017044456
13 0.6472962131590397 0.8767173357994584 0.19490248786002548 0.24656532840108314
27 0.17034345328575543 0.10010149186683767 0.07797034849523682 0.20020298373367534
