14 0.7092575243756826 0.4758790454316886 0.18709359295702704 0.2208004091155802
3 0.8364231979594505 0.7895696163960011 0.20894642461199034 0.34390563743886704
3 0.5814500053150985 0.5998779160396477 0.1680722277125313 0.3062610531378768
3 0.6560350864626213 0.8384729087794447 0.16516730827061687 0.30942102387988074
3 0.35672272832901136 0.4074117254513845 0.11793445514385989 0.37104623852860374
3 0.08410239709092623 0.32128341524917053 0.07959362123178833 0.40911527943042036
3 0.07899030026916963 0.6958243687443162 0.1083046293468661 0.35945010083495815
18 0.14297049435064438 0.8065175709356326 0.04926068362890023 0.09441119178800744
3 0.20981345243415983 0.9432073330589479 0.09245481395064693 0.11358533388210418
14 0.24790595215595465 0.7337958002130991 0.13249431993472505 0.416221519397653
14 0.34132783507920833 0.7797966432500598 0.10361731015933909 0.3725690083435728
3 0.3392363154297673 0.9684667974807 0.10434529851125035 0.06306640503860007
3 0.4271250364581854 0.8758321385280107 0.11317027272534998 0.24833572294397863
3 0.5297195963957536 0.9044815082617751 0.18262314433542798 0.19103698347644982
10 0.5010133177491326 0.8311479673807027 0.0562089895928693 0.06489066059108457
3 0.619050534328818 0.9782988888412696 0.03655121913819548 0.043402222317460847
3 0.7545870340251176 0.9737901250044763 0.1547832453108605 0.05241974999104746
10 0.6740450381268065 0.986183997975812 0.008303182485641937 0.027632004048375902
