3 0.07708720866615597 0.384415687896644 0.08206587153955577 0.41198368670503155
3 0.07872852609694708 0.7563454050609085 0.10285589232957655 0.35018613369927665
14 0.2434073749863223 0.7974925638840522 0.1367764525659263 0.4050148722318955
14 0.3391508917824707 0.8295357395166658 0.10285589232957655 0.3409285209666684
3 0.35501696028011814 0.4736788200160674 0.12145748987854248 0.3707853180345283
3 0.5804245541087647 0.6705154703306936 0.16741437794069383 0.3021213702503565
14 0.7079002079002079 0.5434871669299756 0.18820439873071462 0.21743583464987762
14 0.8353758616916512 0.842124129943764 0.20024072655651604 0.315751740112472
3 0.6597548965970018 0.882178099484531 0.15537805011489222 0.23564380103093813
3 0.4956231535178903 0.9096436785981997 0.24948024948024952 0.1807126428036007
