18 0.7818020379420056 0.5149175092657293 0.04808771079078727 0.10229148926878286
14 0.4786028910315044 0.13421426789592195 0.2807193930931293 0.2614495820574043
3 0.09961856820596664 0.510315873733786 0.1167956429548169 0.3535998494104284
3 0.11383455144557902 0.8509350567668824 0.08883998198585084 0.29812988646623495
3 0.20471216797796413 0.8543447594184573 0.1385577500455911 0.2913104811630854
3 0.3396022122168807 0.8416684490331676 0.1475233028750169 0.3000550039715507
3 0.4174391047650829 0.9157196705392215 0.1255170680349701 0.1685606589215568
3 0.4993512384239788 0.7929698775635173 0.16545429660437014 0.4140602448729654
3 0.6354638046278291 0.7938223324922353 0.16708438185569774 0.41235533501552946
3 0.6978148313236697 0.48705802704147505 0.1858305021578385 0.28641607630195454
3 0.5462163153203337 0.47682886055510215 0.15485865852361658 0.33756185020217017
3 0.3717965498336617 0.5041066134639095 0.35209975744074834 0.6239780143015973
3 0.8639248805507866 0.792805558671459 0.11677038452902516 0.4143888826570821
3 0.6719293949637373 0.24591274346309475 0.19575299702487295 0.2812116242162975
10 0.6947109937554251 0.1323691378694851 0.02418787032203892 0.08471647256725279
