10 0.3880100532229451 0.44124346265921854 0.05544056771141333 0.51489281406527
10 0.21290269071768247 0.17622223724726255 0.05721402565625578 0.10941846860984766
26 0.7102196319138 0.5751466082430949 0.10853619522512739 0.14580723305414897
18 0.7387640449438203 0.9158325955210216 0.25724423418095793 0.16833480895795683
3 0.41314311058545244 0.9753622451952345 0.08205204021289182 0.04927550960953092
3 0.8868972396620601 0.9790887234938619 0.04197898553346383 0.04182255301227625
3 0.49983506741814104 0.20338048397638672 0.18532015629791843 0.24426645029218177
14 0.6591342428660093 0.1235945704111336 0.1510486205441939 0.2471891408222672
3 0.8092308763059329 0.09969893940428971 0.16691507228202926 0.19939787880857943
3 0.8618064554650818 0.3661161598427303 0.1506160436956102 0.4236148198769074
3 0.8214675951302888 0.5839588928519306 0.1439603661808853 0.09427690436910872
3 0.6793959901373258 0.3855820424561592 0.26970836942751153 0.36114773314418697
