11 0.10885666252020736 0.7000593797826157 0.07264911198343038 0.15196251216074666
3 0.1946012739097034 0.6892980784350516 0.1362560221869636 0.4095812899718248
3 0.278136477811808 0.4017057485760457 0.2275732377111998 0.32466582771911057
3 0.4040750580306282 0.2723015754267353 0.20105985539626717 0.35470602429300385
18 0.2868926377952086 0.8655842875588219 0.06526850617919377 0.20754843216150787
3 0.40988414272375556 0.7523402168872918 0.13845976051126474 0.3740607193886875
3 0.39139769582652595 0.9590316341422581 0.17467808219079572 0.08193673171548396
10 0.4211778424491255 0.5298573046235425 0.04945827035064202 0.10624951900140465
14 0.5334615024703308 0.5641088385095898 0.16174190742569675 0.3397189250136938
3 0.5658767260917225 0.8662851190423491 0.07953424866470146 0.26742976191530193
3 0.6861806622941106 0.3544057583799993 0.18780781648761607 0.18034459851437018
10 0.830211193412634 0.282407713268121 0.15372172302911563 0.3019723537913417
3 0.6778980331993458 0.7266515650612255 0.16826440055161412 0.4127293871285346
3 0.7031754089351409 0.8935110625731008 0.1765644606673427 0.21297787485379852
