3 0.47651823715642394 0.259315415058807 0.12307696014280743 0.518630830117614
3 0.49676115213618105 0.7584685403494257 0.1765181815575974 0.4830629193011487
3 0.8036437246963561 0.5702889921060974 0.2429149797570851 0.30317423269558585
3 0.8497976079160867 0.2721958945994152 0.2218624223099063 0.49964461027171236
3 0.7125506381756863 0.7506691378635822 0.32955469293632966 0.3658414751613238
3 0.7676113607429781 0.9219116441888214 0.22753041379364886 0.1561767116223571
26 0.5868390924627792 0.59205514275332 0.12615148117403346 0.17687287934814383
3 0.775995389083299 0.03408887328003527 0.09049999457687188 0.06817774656007054
3 0.6386456744958792 0.08189234013861472 0.18694188615074386 0.16378468027722945
3 0.5801967166662005 0.8737147305664065 0.060088653034006866 0.25257053886718706
3 0.6313591698570733 0.9456673430170947 0.07097428010022407 0.10866531396581056
