14 0.3286074200851766 0.048174880386566 0.04248334767758377 0.09499242007594706
14 0.47217185224061875 0.14946711506292665 0.10205764440883781 0.2989342301258533
14 0.3793920962528426 0.3750302987698929 0.17335158052106925 0.24616292761041275
3 0.6760431403177348 0.2265846108467161 0.16407364366794314 0.4531692216934322
3 0.8489065498454593 0.8925658625610214 0.1640735952358787 0.2148682748779572
3 0.617689646418342 0.8317912010132306 0.1792114244275902 0.33641759797353876
3 0.7104693539740538 0.7018857171532198 0.24171571576020123 0.5096901165965741
3 0.7231655290699783 0.9155478972251957 0.06396926441725746 0.1689042055496085
3 0.38970616272753156 0.86504971432965 0.1622034600952788 0.26990057134069984
3 0.4295561411486613 0.9672544586638973 0.11934969329766833 0.06549108267220556
3 0.2873778210388081 0.7250729889791964 0.12896172474027212 0.27142890597441266
3 0.29478712134381563 0.8762857383036072 0.14858633114092223 0.2337304214229329
3 0.47301061398210054 0.5621318665530104 0.1926416291781919 0.2739421881313655
