10 0.18873105356654316 0.8858498417708179 0.04089667906805073 0.2283003164583642
25 0.2402421379343515 0.9354789509182128 0.07273990092184524 0.1290420981635744
10 0.20017913099471968 0.5887995304357977 0.07688644882935512 0.12844484199466208
18 0.39675472624200514 0.5344500845281052 0.15234796151085322 0.20569964465074958
10 0.4792301881024366 0.6269027522507628 0.01015067946617261 0.49684069806578457
10 0.5392026204698798 0.89166396708855 0.12737939815066526 0.21667206582290008
3 0.40891768306063103 0.07760615913022796 0.17532795237918777 0.15521231826045592
3 0.5836608550918402 0.15395425750657787 0.13107348144232864 0.2741707252849748
3 0.7713572581957657 0.1400334291354624 0.234020172850457 0.2800668582709248
3 0.9226476228776281 0.3947952004714852 0.0886717051655948 0.3556579045871267
19 0.4302100901521308 0.1945145276348167 0.09402871870629588 0.17497119436927244
