3 0.23854959610982926 0.17481266455504063 0.2503644714630913 0.34962532911008126
14 0.4099300130700822 0.13141885802066508 0.12021468523876166 0.22444094069536602
14 0.38409873716701987 0.3631333611234626 0.15200696837082223 0.2971764252449755
3 0.2713353860053002 0.5376985624118189 0.16492262299808538 0.4010842752649214
3 0.3806794830619686 0.8290088043624128 0.10321217369824459 0.3419823912751744
3 0.46245753186451893 0.557643065997974 0.15818768246022624 0.3140357249579139
3 0.49685220059523566 0.7426187110957411 0.14461726189654417 0.34327256343318696
3 0.5604948795643164 0.8390665805490776 0.1722092179533647 0.3218668389018448
3 0.7062351278832648 0.6477890039257225 0.22069854827047408 0.419555296439123
3 0.7807444498711833 0.8812406151861983 0.23013008129752974 0.17097862932067281
3 0.8061671467498343 0.5523445488427499 0.12254388304480841 0.21229013527331947
3 0.4763465663237394 0.05429530052932604 0.13758017765897598 0.10859060105865208
14 0.5144576925060824 0.22848016170863863 0.08667240400058164 0.3606519300971753
3 0.6456249700644018 0.2514235683367813 0.19049383787133495 0.5028471366735626
3 0.8021973643888718 0.11993345595108888 0.13450215044088468 0.23986691190217777
