3 0.3298180182530046 0.027925155868158177 0.0493311087046246 0.055850311736316355
3 0.47093710847119596 0.13364991084675434 0.10027951155771114 0.2672998216935087
3 0.3807664488707974 0.33665529417913925 0.18034137473021003 0.2503562207185374
3 0.6759440097890119 0.20977174256203235 0.16901942722037225 0.4195434851240647
3 0.47255456920789624 0.5227308699106304 0.19247199707898502 0.29095460840181725
3 0.2873609233264111 0.6758203282448925 0.12939291634771063 0.2655806451379418
3 0.2922131944776863 0.8356761458088022 0.14880188989398563 0.2402066818740662
3 0.3852143270731911 0.8434079181110578 0.16982815758872233 0.3131841637778844
3 0.4252452586594406 0.949132658570567 0.16093245671334783 0.1017346828588662
3 0.6177172557384255 0.8095759767719485 0.19489802159579692 0.38084804645610315
3 0.7111226979886925 0.6580585771907191 0.24584653550770905 0.5040956210518984
3 0.7155706039557928 0.9068427391562238 0.08006191870191173 0.18631452168755222
3 0.8502201288742471 0.8713191789715282 0.17306296800329737 0.2573616420569435
