3 0.37530366225763856 0.5381084476595154 0.11983801961427758 0.672403108943047
3 0.4772439743680307 0.56068924245088 0.1089513720212047 0.37365885984507347
3 0.5608773963534073 0.8516707282168391 0.21213338107985677 0.29665854356632165
3 0.5872082863342377 0.4112396804048422 0.11242398025750147 0.43532773524713914
3 0.5949039750031574 0.10448664479341199 0.25496161144348284 0.20897328958682398
3 0.689324122497055 0.3133803196274816 0.1197524856704238 0.37286709391624206
3 0.7805097125262607 0.2392849182796023 0.11015400985086969 0.3833838713828654
3 0.8815223101924652 0.13507332619229687 0.10923988258109117 0.26865552918230506
3 0.7613941550302076 0.6705452574660318 0.15129036468186216 0.5220139880130333
3 0.88206082027799 0.616527356121524 0.1467196934612498 0.3986810693834942
27 0.4996102892609283 0.24448069911982842 0.0429438520498451 0.11451885957502252
