10 0.9061470508893115 0.41839467589282275 0.01827104277308784 0.40961967170011404
18 0.8831068089535272 0.11322401213445897 0.09276067869413844 0.22644802426891794
18 0.7249543592594007 0.06510907565695472 0.12555485803045005 0.13021815131390943
19 0.6045528722675138 0.12586606045457926 0.14804229528963525 0.25173212090915853
3 0.6806822171553801 0.24585241270293673 0.2262798374205501 0.35278249237330384
3 0.39931135762449277 0.31775290561622666 0.2039892909448633 0.23939332175012348
3 0.12271005905814432 0.178358358341965 0.148841075449261 0.3214484502261273
3 0.17156151144951104 0.8239581382510281 0.16250004790539052 0.31466578776388776
3 0.1930807009617348 0.9717150876582309 0.1065903779577438 0.056569824683538404
14 0.36060859688400004 0.9035655453885117 0.17215351609779 0.19286890922297636
