3 0.47390092041147813 0.2595979614949037 0.19155928532755823 0.2981993204983012
3 0.40875038076597353 0.8320458676057664 0.2028998881702728 0.3359082647884673
3 0.8562105908511427 0.6209852774631937 0.19211590546609575 0.2466138165345414
14 0.38015428398996204 0.10866192320493259 0.18031947749923116 0.21702939567373836
3 0.6780836279480259 0.7946456189444866 0.1570551822631336 0.4107087621110269
3 0.6175103426327564 0.6175805754076482 0.1989445972587749 0.5092268359795092
3 0.7953449199330725 0.9067065261129865 0.16804324080521393 0.18658694777402673
3 0.28578891851965216 0.41242921857304643 0.12658134000455068 0.2358210645526614
3 0.6689638208097575 0.08326738514050763 0.14336093444978648 0.16653477028101527
10 0.12715755278830537 0.9301132502831256 0.031824580400649706 0.08776896942242356
3 0.7118034421848404 0.37533574692332855 0.2480614258867989 0.4853127492980351
3 0.2808689767190038 0.5845049277788386 0.12226854358419054 0.1954296928226883
3 0.37700626176643515 0.6786159883739274 0.1920367530947623 0.514541829553235
