14 0.6169198482425835 0.6906679697096999 0.2301205416461814 0.45939978196933245
14 0.6559816775251799 0.91280399019684 0.10465360454126232 0.1340886025553266
3 0.5809472284444612 0.32856161587971894 0.20875756189057978 0.25243472297908204
3 0.7505776878888449 0.46106594383602434 0.14322177554618717 0.36194522281294356
14 0.899195669839375 0.42230590506132787 0.11389649728550731 0.3586089325093078
3 0.8180577769263645 0.9028092265942032 0.10604827697989304 0.1943815468115935
11 0.44382192574622387 0.918717288811666 0.13152250583198166 0.162565422376668
10 0.305959237351779 0.043641876636604605 0.11219365301535246 0.08728375327320921
10 0.569459969848084 0.09942879934177813 0.34854722190013243 0.19885759868355626
10 0.7757855924808755 0.0616968914457127 0.0921309510064103 0.1233937828914254
