3 0.47707608112970923 0.2496285088035995 0.11761328222596845 0.499257017607199
3 0.4967762939682242 0.7514736260054561 0.17818417694983762 0.4970527479890879
3 0.5830690094324251 0.8585041520643344 0.05545401277293424 0.27091441097054064
3 0.6424308326044968 0.9448218651920814 0.11165237471060595 0.11035626961583718
3 0.770458888939325 0.9125145522398042 0.21734995610331304 0.1749708955203919
3 0.7140744624262029 0.7390059865558668 0.32416410667459356 0.3510988794896589
3 0.8039546240682407 0.5583963931007858 0.23670307981795216 0.296604584763229
3 0.8501042609240909 0.26140252782364093 0.2136281875638924 0.498233431299419
3 0.6396395232367317 0.07698549160708672 0.17454987913091402 0.15397098321417343
3 0.7736223728894589 0.029108371676678683 0.08969407435085344 0.058216743353357366
26 0.587005724947585 0.5785671214689913 0.1250506369601449 0.1720462120898606
