18 0.27505564099656343 0.5506721789945828 0.07357978837748559 0.15459629392707042
18 0.17864640178708258 0.89799858976983 0.06733863979556394 0.12230280648818649
14 0.6330637090846756 0.4779456392260507 0.14578282445282945 0.29069708400244565
14 0.5783951499148646 0.9519691098455547 0.11814816205800915 0.09606178030889048
3 0.45824446889297943 0.7967070772213591 0.13737230438855122 0.3853621480442372
3 0.5976192525227394 0.6651813378157727 0.16781047347146436 0.3116406311382447
3 0.8419256326329281 0.3376235369049315 0.20625863896454677 0.3384484063695323
3 0.8657555586497181 0.6584793836218008 0.1626039440267204 0.31834256455991644
3 0.7001478461078505 0.8187678766984002 0.19103961400709113 0.36246424660319965
3 0.8104862139987438 0.8334284261648205 0.153792860585666 0.3331431476703589
3 0.856543951554555 0.9100819324847552 0.14017573163130934 0.17983613503048954
3 0.450508313661994 0.40004251381858597 0.07969995684225943 0.19016783340976645
