3 0.46817158145180576 0.10062210992249669 0.09300361175080964 0.20124421984499338
3 0.4730029461640618 0.4475756690074587 0.19204638101277288 0.2880183338101768
3 0.6765237872675499 0.16946857414928665 0.1654739442084598 0.3389371482985733
3 0.7115511330522396 0.5827421309936597 0.24277566902360373 0.49013628729142933
3 0.6146220357448946 0.7762122088661073 0.18419546519017804 0.44757558226778543
3 0.4098933465520328 0.9139051373196871 0.20110517256997915 0.17218972536062574
3 0.3769797280124374 0.8084247792063926 0.19325420145690847 0.3831504415872147
3 0.2903172979969101 0.771596200575928 0.13708974909270538 0.2185401445419502
3 0.2888075086191217 0.6117965676515784 0.1256152613567522 0.2577005627222828
3 0.6916217639811478 0.882324205281165 0.12803095753549915 0.23535158943767015
3 0.8516604332552837 0.8050720475197394 0.17996806599046553 0.2602270002764372
14 0.3796973931248372 0.2681958559061674 0.17574055620980158 0.25012113440692146
