3 0.46858367829686587 0.0381672206398139 0.0835304553518628 0.0763344412796278
3 0.49889118864577187 0.322957275644224 0.18849793021880548 0.2458497220311649
14 0.6578208160851567 0.20776353796295494 0.14858072146658782 0.2999675853713584
3 0.8108367829686577 0.16031896932196502 0.18554109994086343 0.32063793864393003
3 0.8404050857480782 0.5278320440035281 0.18701951507983436 0.47932964672742845
3 0.6774098166765228 0.5131429096683328 0.2705499704316972 0.363362796712728
26 0.7136309875813128 0.6925049710244027 0.10053222945002961 0.12524419801587647
10 0.21318746303962158 0.28739410830638257 0.05765819041986991 0.10668950201352435
10 0.3894884683619161 0.5517985263398996 0.05544056771141338 0.5025230167303685
10 0.7069781194559432 0.9695639026944995 0.20402128917800122 0.060872194611001046
