19 0.11454243884928059 0.8587200302973709 0.036175509962264915 0.13408104064951273
3 0.5397906036915944 0.38779152672359535 0.11827321111768188 0.3556316733784147
3 0.48841567761235144 0.4867499054028064 0.05100532229450033 0.09895837867921106
3 0.21084323527054186 0.19003020169464097 0.1404494382022472 0.38006040338928193
3 0.34944465454907525 0.18910165703174192 0.18110585452395037 0.2860515633695944
3 0.6658254942888742 0.18539152769405295 0.1899763453577766 0.3707830553881059
3 0.36201118323032894 0.4388169407300635 0.17667060910703725 0.24430349736430224
14 0.3442702015626766 0.6777086517603464 0.39251921939680656 0.4963381180629179
3 0.428539864484025 0.9034092057216898 0.1737137788290952 0.1931815885566204
3 0.21934412231962522 0.8415602190471828 0.10570668243642813 0.3168795619056343
3 0.6521501542533921 0.864753589050123 0.13601419278533414 0.27049282189975404
