10 0.18434059388491636 0.02304003295683565 0.08516452714067778 0.0460800659136713
14 0.5901460417291097 0.10594461628308635 0.10645567868187633 0.2118892325661727
3 0.6266342285979823 0.4474232773401026 0.1529844674694065 0.4228876431482452
3 0.5063680239206527 0.7551087054935856 0.20119448513382113 0.3614767368867353
3 0.5940329639186946 0.7378727300287881 0.17601654008028872 0.2542306381057613
3 0.5290828244528415 0.8793212419331831 0.17601658199133383 0.2413575161336339
3 0.4177277395892086 0.9420410488467544 0.12131180277326031 0.11591790230649103
3 0.3327248825003779 0.8208327229264831 0.10048279921954312 0.32173820867621744
3 0.25139586532888625 0.7559822238150807 0.15083862646004026 0.28822384116134653
3 0.1318730333928383 0.8610072598802737 0.11738895491832158 0.2779854802394526
