3 0.5859675504054237 0.051477551038278294 0.2065708049846855 0.10295510207655659
3 0.3813626529007226 0.41579398497645437 0.13549593909966978 0.6826150138929357
14 0.4787503481824926 0.4483747820114596 0.10585619813835363 0.36819456642984105
3 0.5589959631660466 0.777275985509135 0.2021099078229257 0.36186234427839087
14 0.5876281910209815 0.29110212730067986 0.11212286445417624 0.44037490540146934
14 0.6931343657422164 0.1944955938539978 0.1152507788177332 0.3889911877079956
3 0.7774671284718274 0.1587622872439082 0.10346103722361115 0.3175245744878164
3 0.8738302835311238 0.07773330981989705 0.08878399565491137 0.1554666196397941
3 0.7607450099831443 0.5442546994339976 0.1465297043737955 0.517880877195972
3 0.8804469853795935 0.5042435243931154 0.1448454036509432 0.3945759082452011
27 0.49903102189572396 0.14244350777844408 0.043309281539163164 0.11525241904807279
